4 500
13499
52 72
86 51
22 82
35 98
54 78
37 70
74 30
75 85
23 93
14 84
82 36
67 15
51 11
15 50
66 42
27 70
56 39
67 97
72 58
76 22
17 47
11 61
69 29
12 30
83 47
93 12
33 98
40 77
86 75
56 59
45 37
76 55
39 90
94 45
93 18
47 23
99 56
24 24
83 94
75 89
23 70
51 36
23 54
52 47
78 90
58 11
79 33
38 86
35 12
96 26
65 44
61 51
98 71
83 14
46 72
95 50
55 98
68 50
18 16
35 89
82 25
10 99
86 26
12 73
53 21
52 69
40 80
51 21
76 74
84 90
57 85
85 17
76 99
25 28
54 60
65 62
49 16
78 37
70 57
83 61
84 44
31 77
56 59
86 18
42 72
84 73
100 26
25 15
80 33
79 91
70 66
51 70
90 81
22 63
81 64
45 93
94 75
72 33
28 73
49 96
15 21
22 51
23 60
71 94
95 10
62 68
59 65
27 33
13 40
52 24
69 56
35 10
12 73
90 82
32 12
66 10
68 44
100 10
48 32
57 49
70 47
74 50
89 72
21 15
67 37
76 99
41 20
62 76
50 89
90 56
31 11
51 41
75 63
17 69
86 62
81 82
78 28
15 84
16 67
28 56
26 39
67 13
86 86
42 78
11 40
40 54
50 92
13 98
50 60
25 79
18 53
45 19
19 86
95 43
49 30
34 93
67 65
76 88
82 28
28 58
37 18
61 49
14 72
74 51
97 88
57 19
84 59
83 15
22 73
83 11
84 76
78 36
21 16
18 81
67 24
60 22
71 64
90 14
95 33
22 20
18 89
29 58
29 31
55 40
22 79
75 77
100 41
16 33
37 51
87 83
42 54
78 66
35 45
11 41
60 89
38 11
40 74
31 57
40 90
48 29
23 88
48 33
50 89
19 47
60 29
68 94
15 83
65 68
11 77
84 65
43 14
21 23
21 23
12 21
100 37
49 80
75 57
49 87
43 16
63 88
14 58
14 70
35 54
94 62
52 43
69 49
50 65
35 16
44 98
100 54
72 26
20 74
61 18
16 75
79 26
28 84
88 56
35 31
59 56
17 68
12 100
72 39
62 38
16 25
13 38
46 26
75 14
83 62
87 54
40 86
35 47
100 87
54 88
30 93
82 83
44 82
83 14
78 78
42 81
78 49
67 45
87 69
12 13
62 87
67 56
25 76
53 75
29 54
58 97
68 40
27 82
60 64
68 74
70 56
27 33
16 92
42 16
24 31
58 23
38 46
56 79
98 86
51 63
50 92
11 15
23 33
25 88
60 63
31 87
77 53
25 67
81 24
41 87
63 88
70 97
51 19
22 55
17 34
36 48
33 28
13 24
83 99
31 14
72 89
93 35
25 22
15 76
36 52
55 27
33 20
74 16
44 55
74 82
65 99
64 47
88 22
23 97
74 55
58 35
36 56
87 22
92 87
50 20
67 16
35 24
16 64
79 59
25 89
30 49
36 69
99 49
46 21
90 10
62 74
98 14
22 13
91 81
66 56
82 97
78 77
10 54
57 51
60 48
80 41
46 86
67 61
61 21
61 47
44 50
81 26
31 67
11 90
64 17
69 97
14 34
34 20
78 94
16 73
66 35
60 72
71 51
92 97
35 81
88 94
57 33
72 35
76 25
36 33
42 75
32 73
25 89
65 62
35 88
83 91
26 67
12 50
57 29
35 68
96 66
60 63
23 24
25 19
54 52
38 27
48 21
44 15
74 27
94 30
32 31
68 75
45 72
21 90
76 93
56 41
96 59
67 73
60 69
21 39
58 12
100 28
56 41
61 11
98 56
14 95
95 98
13 22
100 47
76 19
13 23
22 56
56 20
91 73
95 100
91 81
53 35
98 84
30 48
45 38
21 91
65 40
35 66
45 41
45 50
50 91
26 23
44 22
66 68
92 36
42 22
74 64
73 26
76 22
23 89
84 57
91 99
99 80
39 68
92 88
100 28
64 78
22 13
41 23
12 51
80 55
42 81
66 99
48 65
61 26
31 35
98 89
96 44
50 43
46 15
42 28
87 90
27 14
100 56
84 37
16 38
73 73
49 49
38 67
57 23
31 59
45 71
56 49
75 41
79 97
95 72
46 70
65 57
21 88
65 22
45 94
26 86
40 21
75 38
34 35
70 13
58 77
26 18
69 94
22 87
64 26
15 33
46 24
91 79
96 97
37 23
37 26
20 47
27 80
31 37
74 35
24 45
94 88
21 13
81 84
13 65
35 43
13755
46 96
46 37
10 10
12 87
51 69
56 93
77 27
62 41
68 32
78 56
41 18
65 92
37 16
73 65
23 20
21 74
74 13
38 71
90 56
37 98
100 47
13 86
48 18
52 47
36 61
94 100
91 65
58 53
52 31
24 16
77 84
86 13
14 31
76 45
40 31
81 29
77 10
36 45
52 76
69 19
56 60
86 35
68 43
48 15
38 59
50 13
96 53
20 98
80 25
97 57
10 75
99 48
21 75
61 57
76 52
70 61
20 17
76 66
97 43
75 86
29 61
89 27
62 100
46 85
54 28
25 71
13 65
21 25
44 55
89 40
14 42
78 48
89 99
56 30
96 45
59 74
42 81
42 64
27 78
81 82
86 54
29 39
49 91
42 83
62 25
14 43
83 47
86 22
16 61
92 80
61 100
97 41
60 45
49 42
18 27
17 67
22 78
67 79
19 81
67 38
42 37
69 13
33 22
86 18
19 30
59 98
50 71
62 30
48 22
71 29
60 23
21 16
46 80
95 89
59 74
38 64
44 25
10 60
36 14
29 23
89 91
52 22
96 32
95 48
37 87
24 79
30 55
21 51
49 76
15 39
97 31
85 15
78 89
22 76
80 30
26 20
93 30
78 39
40 77
27 94
46 90
79 30
82 68
35 88
87 79
99 65
49 56
36 18
59 16
79 28
13 50
80 49
78 72
27 40
46 66
36 53
61 50
38 64
64 100
51 28
91 86
28 15
78 59
47 73
51 37
52 51
50 54
78 44
57 70
25 82
83 26
93 52
42 42
22 74
71 43
40 97
74 46
25 53
52 96
86 78
100 12
64 63
79 74
67 93
34 99
94 21
15 64
56 96
30 40
43 13
98 62
39 75
13 88
11 67
80 34
99 78
53 23
30 49
81 21
77 83
68 44
48 31
25 66
39 17
33 77
92 92
95 30
55 43
57 41
55 97
76 69
79 16
85 46
100 78
16 75
98 55
10 47
52 13
30 80
40 39
47 79
64 36
14 53
86 99
44 78
30 68
23 10
22 72
80 54
59 88
85 24
28 43
69 34
60 30
71 51
27 31
19 45
69 93
42 40
82 13
77 52
65 75
57 11
64 47
89 64
31 97
88 72
91 31
42 87
84 94
14 76
42 96
92 30
46 49
64 68
99 94
39 18
82 95
24 29
54 88
44 74
11 93
17 56
38 90
100 98
44 40
52 40
12 40
86 69
72 14
64 79
48 73
76 63
64 62
25 69
89 33
31 74
68 40
83 63
54 85
91 10
87 40
92 97
21 29
85 91
21 70
48 19
95 49
41 82
60 14
21 46
67 68
39 22
80 72
37 46
22 40
25 36
70 49
91 83
40 95
53 80
30 31
40 61
45 54
27 45
28 21
75 21
31 91
94 31
70 23
61 50
80 47
93 85
31 11
95 96
30 69
23 17
24 32
26 98
90 50
10 72
43 66
31 35
28 60
50 100
41 56
35 84
80 76
80 23
45 16
18 42
96 36
15 15
84 90
45 74
84 31
47 83
32 100
64 98
43 92
80 35
66 50
98 38
11 82
19 96
95 63
42 44
45 62
91 13
80 29
56 29
92 86
79 54
23 52
66 35
78 99
84 66
100 47
78 77
43 88
29 39
49 97
39 60
40 87
47 84
68 18
61 38
84 91
10 55
67 97
94 79
86 60
91 40
88 54
78 38
32 85
92 32
89 68
54 77
21 47
97 17
51 92
41 94
99 70
19 22
70 22
69 96
95 33
49 37
26 59
57 39
10 68
94 55
55 76
90 94
13 20
69 41
30 93
54 53
55 35
50 47
27 62
96 12
25 50
35 54
75 46
65 48
59 65
70 56
87 16
50 66
16 69
35 61
60 33
38 24
40 73
55 25
78 41
61 89
47 96
26 45
26 34
24 49
79 22
46 58
58 16
89 16
88 52
66 90
84 74
89 21
13 50
24 22
86 57
99 31
18 85
80 32
68 36
32 78
20 98
11 57
72 43
67 54
83 77
10 82
35 74
16 11
18 90
40 72
51 77
50 58
75 46
32 19
41 54
59 42
82 18
31 33
51 77
72 57
36 39
58 82
90 58
56 41
55 29
66 78
46 64
16 11
28 29
52 74
95 57
50 34
95 85
52 17
41 31
17 90
16 99
15 12
25 28
58 44
36 36
40 31
47 21
67 63
50 17
47 78
15 70
31 12
35 61
86 46
11 39
54 87
94 23
29 40
70 61
29 24
13 67
48 81
80 39
67 95
99 96
13454
45 43
99 13
94 10
31 28
37 16
64 42
29 49
35 92
41 54
50 17
41 48
17 70
75 78
64 99
44 55
37 47
81 70
70 71
29 43
28 44
69 88
21 45
48 57
43 33
65 89
65 15
57 70
66 56
89 22
74 48
92 50
29 67
50 46
10 30
52 20
17 85
27 27
37 42
22 71
24 91
98 66
67 51
22 30
61 10
22 95
84 11
94 82
80 73
32 16
58 93
97 72
76 64
32 34
68 83
86 20
44 21
85 69
98 10
38 97
56 84
70 73
28 70
10 26
43 58
69 14
59 16
72 58
63 77
65 30
45 17
17 14
44 38
84 67
87 47
88 72
92 29
15 70
12 15
51 18
55 59
91 43
19 57
50 82
94 98
14 67
51 29
97 33
42 33
82 96
29 84
39 97
78 52
17 18
17 64
27 73
29 15
94 79
92 91
51 46
86 86
97 98
69 15
41 27
39 68
86 83
69 32
13 14
21 37
96 82
99 67
20 92
31 24
65 83
63 56
30 87
98 60
52 60
41 23
97 41
12 95
59 12
69 56
24 81
56 38
77 36
24 99
78 58
24 78
45 80
53 72
55 70
97 16
76 38
94 90
25 76
87 38
25 49
38 13
57 22
36 11
36 93
66 46
43 81
48 22
53 71
55 31
11 93
96 25
28 98
37 47
22 20
12 78
94 38
71 29
75 55
78 52
20 94
34 44
97 24
97 93
87 41
52 88
46 53
12 39
46 13
25 50
78 11
48 84
78 89
37 16
20 28
71 47
60 12
80 24
31 39
70 90
45 32
13 89
77 96
100 82
60 63
10 65
71 96
91 92
20 100
66 38
66 23
77 64
67 91
39 59
93 21
26 11
48 83
47 46
16 88
32 68
58 86
22 31
39 81
74 40
52 48
85 49
37 23
35 41
29 88
30 45
20 98
77 75
42 90
76 47
11 23
21 42
16 39
57 47
90 45
28 100
91 49
85 78
72 75
57 83
79 100
31 22
98 16
42 51
19 49
69 58
20 81
64 78
67 57
82 14
26 52
34 57
41 35
39 32
16 20
35 90
76 23
97 97
21 40
15 28
48 86
81 30
62 42
53 84
37 82
59 62
94 21
68 45
49 96
70 83
65 32
25 13
19 11
76 84
32 51
36 71
86 59
42 56
38 43
37 71
15 14
99 45
53 65
81 75
51 92
19 87
18 14
69 72
71 84
81 51
60 97
42 65
57 49
67 36
22 79
33 10
65 93
98 71
13 63
91 55
58 70
53 68
20 90
85 14
14 73
84 39
16 91
48 27
58 46
20 38
52 63
49 40
40 13
45 23
55 77
83 49
68 53
64 26
100 16
66 93
57 55
55 62
67 41
27 53
66 91
60 98
58 47
55 84
52 54
78 46
53 43
44 82
41 17
73 48
92 72
71 88
20 91
31 24
70 99
45 33
36 40
28 42
27 68
11 61
10 41
21 84
53 56
10 92
15 31
22 71
65 36
38 40
69 28
15 90
59 22
28 24
76 66
17 41
44 36
38 39
55 33
65 54
52 18
86 65
78 45
65 37
75 58
70 46
79 42
83 29
35 22
84 44
12 66
11 65
42 47
39 50
54 83
91 27
58 49
87 74
59 64
14 35
71 63
79 10
74 53
30 27
64 78
98 12
83 88
48 57
47 60
85 33
20 18
53 58
33 16
85 54
85 94
66 52
47 59
14 65
49 96
65 93
21 95
40 100
72 62
78 40
56 11
43 87
39 25
65 88
17 15
20 21
17 90
77 39
86 23
21 71
100 33
94 22
100 93
21 74
90 92
10 84
50 18
25 82
83 78
34 35
18 20
99 70
52 99
21 22
61 92
90 39
80 55
29 25
42 92
60 58
49 60
100 69
63 57
30 62
96 34
17 59
39 85
41 74
81 34
52 88
92 11
47 49
24 48
18 41
97 97
31 45
100 12
28 35
27 13
43 67
10 95
69 32
29 67
94 81
68 82
41 48
12 51
41 64
21 64
74 61
43 75
13 40
12 75
94 86
32 96
13 70
91 86
29 84
38 53
21 92
58 23
84 29
69 21
89 18
55 62
47 52
79 64
12 72
98 63
35 21
45 47
66 73
29 62
76 40
86 24
31 18
47 76
78 52
51 43
44 30
97 33
93 76
31 82
44 83
68 46
14 95
23 42
96 19
62 76
91 61
57 41
19 12
43 80
88 40
80 66
66 70
77 71
89 38
61 33
100 91
83 87
74 60
72 39
98 13
13900
11 50
32 16
17 43
56 14
80 13
70 59
66 70
26 19
89 33
61 35
41 75
39 64
22 13
66 29
19 80
18 69
61 72
96 28
11 24
89 55
24 44
26 68
96 55
67 99
27 45
35 49
74 62
78 49
70 19
76 77
96 81
59 56
79 38
12 19
46 65
48 23
71 18
52 82
35 50
96 37
33 32
70 18
80 18
37 85
54 74
98 81
84 26
51 39
33 66
26 66
25 42
16 85
12 46
13 19
91 86
18 11
47 67
57 58
41 22
92 81
41 65
86 80
87 78
51 15
12 96
94 29
91 61
55 80
13 22
54 38
11 67
73 73
67 17
13 71
91 40
22 22
86 94
67 94
17 80
31 96
29 29
56 38
13 55
27 41
95 15
84 96
50 67
18 74
81 22
44 28
69 40
23 44
96 78
42 100
17 45
92 66
39 27
86 97
81 79
46 41
92 51
19 40
86 38
59 20
51 73
48 72
82 21
32 86
99 87
79 64
55 57
58 66
87 43
84 16
10 18
98 58
86 65
90 46
39 12
82 96
96 67
81 37
14 85
15 64
49 81
55 40
55 79
87 15
98 87
75 20
39 83
77 39
35 43
68 13
33 65
64 64
34 71
91 89
87 97
36 45
97 77
90 31
98 51
50 18
74 78
87 54
30 83
10 87
66 51
59 65
28 95
37 70
29 22
71 39
67 18
28 88
77 93
88 21
73 87
55 39
63 69
36 32
86 21
17 12
19 25
60 63
12 55
98 14
49 11
20 98
32 43
89 34
86 12
31 81
18 68
15 43
29 27
69 35
99 22
86 63
53 80
31 83
90 66
66 70
30 27
74 98
67 82
22 61
91 69
63 60
49 65
98 42
69 54
47 22
54 30
14 94
45 26
18 23
100 20
86 33
68 41
100 53
33 92
68 79
55 97
26 57
78 19
62 37
93 59
91 28
56 61
23 35
29 96
33 14
20 90
99 23
51 75
94 17
47 39
71 30
87 21
25 73
62 39
36 10
72 19
15 48
46 92
37 58
26 66
67 89
83 42
26 38
29 60
50 30
15 28
27 43
100 82
28 70
52 99
100 98
39 66
67 81
11 72
54 39
94 34
98 60
51 89
48 77
27 66
23 17
11 42
30 30
69 71
93 86
75 86
63 38
10 35
12 75
13 53
50 21
37 82
70 96
26 49
31 17
68 49
43 73
88 69
27 57
43 87
64 37
22 30
57 23
82 26
57 74
77 17
59 23
65 11
80 53
84 74
10 59
26 53
25 84
84 50
55 92
29 63
24 13
67 33
99 22
38 89
18 79
48 54
98 28
89 18
39 56
10 31
98 44
47 74
48 83
92 89
22 69
48 56
70 68
57 83
23 83
95 97
57 72
98 32
79 17
19 52
11 13
93 32
10 52
75 25
90 92
97 10
99 84
64 21
45 56
16 66
72 40
92 69
31 24
93 73
71 31
85 86
26 87
83 92
69 33
21 42
73 15
55 48
71 27
29 91
79 82
27 11
17 84
21 84
53 53
87 86
95 75
52 93
17 39
50 80
47 40
51 61
16 10
83 70
54 38
68 71
86 45
76 10
67 94
40 43
33 68
77 52
96 60
26 22
57 10
47 55
39 67
24 93
94 25
83 86
49 52
82 44
39 14
16 68
45 25
96 61
34 65
71 27
72 43
77 69
32 72
18 25
40 21
71 42
78 83
54 12
48 79
53 54
84 97
44 53
14 81
23 85
18 91
23 44
71 58
89 47
65 24
64 97
15 50
14 42
11 85
21 73
13 10
21 42
72 54
74 91
28 82
89 14
83 87
64 98
49 46
90 14
92 15
75 58
94 82
14 46
80 91
28 52
62 66
13 88
85 38
81 19
12 95
82 87
53 62
36 97
23 78
95 13
98 61
18 53
10 51
24 55
82 71
73 57
19 22
26 96
26 34
99 86
64 65
37 93
84 85
100 79
91 43
86 43
47 83
96 100
28 29
94 54
82 23
34 77
44 48
36 21
26 66
66 78
75 24
70 39
41 36
47 83
33 64
35 17
80 45
56 15
32 80
26 12
26 45
69 89
18 38
94 67
33 67
64 39
80 53
82 12
28 29
93 21
72 67
70 87
31 94
66 46
48 47
84 45
88 13
96 40
65 49
32 55
38 14
63 74
14 44
44 92
58 71
76 51
53 46
96 18
61 81
79 66
93 31
49 80
92 64
32 28
91 12
40 56
22 75
24 70
76 42
87 35
95 66
78 56
48 63
