3 750
20945.5
20 31
50 81
30 38
80 89
11 50
19 92
52 97
11 82
30 56
96 54
45 78
86 55
94 49
13 11
83 54
11 12
52 31
51 74
49 39
46 36
99 13
17 95
96 71
28 85
93 62
87 18
37 79
86 99
90 12
41 22
78 98
93 19
73 41
18 12
35 13
39 47
50 42
31 50
76 84
95 58
81 37
82 54
12 88
68 19
29 33
50 97
29 79
73 18
42 16
59 28
24 53
19 88
10 35
20 78
28 50
30 38
37 93
73 67
79 56
82 100
38 30
62 35
43 45
25 92
91 89
63 81
18 35
27 18
92 37
84 91
45 54
73 39
86 93
32 45
64 65
49 42
45 88
94 47
32 37
93 98
42 79
71 82
14 86
39 34
47 73
53 69
16 66
98 39
39 95
88 11
37 17
43 79
52 87
42 68
54 41
35 68
76 82
36 97
64 60
59 41
24 70
83 64
85 33
28 12
57 30
71 93
32 47
47 69
15 74
54 88
39 36
34 81
75 45
44 11
100 32
34 98
80 87
44 96
94 52
41 83
94 78
74 13
70 21
90 97
87 48
71 67
22 77
94 30
58 99
81 38
52 74
75 67
69 88
31 78
47 26
18 85
96 33
66 15
71 19
88 60
92 20
16 49
83 96
72 51
47 70
13 95
86 33
10 63
89 13
67 87
18 22
89 85
51 19
86 46
83 43
43 17
19 34
60 45
94 96
93 76
22 45
56 75
66 34
88 74
22 52
13 75
63 61
17 72
32 81
60 50
69 44
15 73
41 52
73 58
13 53
78 17
65 68
25 27
44 68
95 66
26 83
33 77
11 81
57 55
79 10
67 15
54 52
30 65
99 91
89 41
27 98
100 39
91 89
98 81
11 98
42 97
24 68
33 80
67 59
100 71
49 77
94 92
35 81
22 61
21 42
37 44
37 94
37 78
41 23
40 62
60 95
29 78
36 45
33 84
11 68
91 89
26 43
71 68
71 16
70 22
89 65
79 77
17 27
90 90
83 47
66 52
52 59
31 92
37 13
87 33
83 31
53 79
77 25
31 38
29 12
49 68
90 16
90 43
10 62
94 63
92 30
88 98
25 86
13 37
89 47
62 45
42 73
75 91
70 21
56 12
20 93
86 32
59 97
18 91
34 64
33 58
95 11
96 57
80 66
89 31
26 99
76 46
70 89
38 29
25 94
15 48
43 86
19 67
17 19
48 74
67 60
52 45
30 80
47 28
24 24
80 97
56 18
36 94
59 43
79 67
44 19
46 10
79 68
12 49
59 31
91 16
85 45
93 45
56 47
54 80
85 85
55 54
54 90
97 57
53 70
25 91
97 97
77 95
72 85
45 96
57 86
99 76
38 16
74 52
54 63
39 88
38 54
65 39
79 16
40 52
87 75
77 35
49 40
14 42
44 92
54 33
51 98
22 62
34 85
65 45
61 74
69 97
63 84
37 11
77 30
60 94
64 63
93 91
21 20
89 89
90 76
64 30
64 73
50 82
65 24
34 67
84 78
23 97
54 51
67 83
41 62
74 60
63 91
41 67
93 75
81 90
94 42
54 41
94 61
79 70
93 13
99 63
30 74
16 91
75 46
55 64
57 40
52 89
47 11
23 32
83 41
96 78
93 30
86 95
18 14
82 16
78 26
97 26
38 22
47 27
62 79
37 17
82 22
42 31
37 16
45 99
14 20
34 52
23 68
19 23
68 42
86 69
26 26
88 17
60 40
15 40
32 21
36 73
61 75
67 76
33 11
75 97
10 64
39 62
64 90
54 76
63 53
19 94
21 37
47 93
12 60
55 44
56 20
67 62
84 26
34 99
22 59
67 30
81 55
75 75
12 62
81 28
15 95
37 91
38 51
97 93
77 63
23 25
93 73
17 83
41 78
11 72
56 88
37 33
14 84
69 15
89 46
68 10
65 27
33 65
23 56
55 15
27 15
11 36
100 19
16 98
89 22
52 18
59 31
75 52
35 77
89 63
44 76
58 21
87 60
29 73
76 96
98 20
88 36
86 23
72 82
97 55
63 89
75 27
49 67
63 96
88 95
27 13
59 55
65 45
92 81
38 61
19 22
89 64
82 53
33 87
90 53
74 64
63 40
88 87
93 59
48 71
71 85
23 84
17 78
81 44
70 72
55 38
87 97
71 76
95 56
71 17
43 19
26 41
81 59
66 47
63 57
41 34
63 78
73 36
45 90
76 51
93 67
34 90
47 35
38 61
100 87
92 70
32 91
86 37
79 37
54 46
68 60
52 15
19 73
92 32
92 44
74 63
18 82
15 98
100 61
78 87
29 12
98 84
79 36
100 92
77 21
83 78
22 71
41 21
46 41
49 62
46 28
99 79
44 22
99 10
49 24
59 12
86 100
42 68
78 93
74 41
78 43
48 34
94 53
66 56
60 26
78 66
82 24
54 35
72 41
10 20
48 97
10 52
81 82
49 98
87 98
68 71
87 16
25 50
59 38
41 77
43 57
15 72
49 15
89 73
85 80
68 25
48 91
34 13
64 97
21 60
35 46
50 52
44 99
56 65
30 39
56 22
38 36
23 79
64 94
45 11
20 65
29 96
65 39
18 69
77 79
45 63
40 91
45 29
78 76
74 74
16 61
96 95
63 36
93 59
28 19
50 15
94 81
12 72
94 72
30 69
30 54
71 23
80 98
45 20
23 60
78 73
97 54
18 100
37 94
64 57
19 40
71 38
12 16
84 79
93 88
85 45
17 92
44 34
36 78
45 20
28 70
47 98
35 68
11 94
28 50
55 86
79 27
99 27
27 83
30 88
18 78
19 84
90 65
51 36
21 23
78 88
67 66
26 95
45 15
85 20
82 98
60 60
31 95
64 75
94 32
72 86
69 76
90 79
14 98
83 89
48 13
94 86
76 20
42 58
40 72
30 75
37 16
48 41
76 83
80 73
44 32
34 100
46 22
83 75
75 25
10 83
10 85
80 31
57 54
81 56
86 24
69 61
81 37
50 80
96 52
41 79
59 52
79 59
25 16
15 95
72 13
36 27
60 67
28 16
87 77
41 59
65 92
40 42
13 98
99 93
30 68
10 25
11 38
100 47
32 27
88 43
76 27
86 52
44 57
72 90
44 66
55 85
87 15
30 43
47 97
92 88
93 70
18 18
43 23
27 25
87 12
11 84
29 13
33 100
68 19
57 25
41 74
61 54
59 51
14 85
48 16
84 45
92 56
91 23
71 72
58 37
93 91
26 79
22 64
35 12
27 95
74 33
82 48
47 25
68 83
36 62
92 87
34 83
19 18
27 22
14 72
85 92
15 84
62 51
62 80
29 33
64 23
10 93
66 70
82 58
57 58
19 35
64 48
45 46
81 95
73 20
15 69
82 10
20242
79 65
43 94
11 32
100 32
24 80
17 86
49 33
44 79
63 70
62 30
22 84
17 35
41 54
83 50
26 67
69 32
27 64
45 98
94 33
64 53
19 49
12 64
55 87
32 97
82 28
37 74
77 79
23 95
64 70
69 74
68 66
76 91
30 36
23 97
56 16
44 13
29 70
14 40
91 73
44 97
10 78
81 44
50 81
86 11
48 54
29 67
53 34
80 32
56 64
25 38
51 46
86 75
25 70
76 98
51 86
72 29
85 77
37 16
93 24
61 75
36 44
10 48
30 15
49 29
60 38
46 97
66 10
96 20
31 44
83 29
85 12
60 10
41 42
74 23
80 79
19 97
42 79
63 25
44 22
17 48
54 97
73 71
31 20
59 68
62 46
45 57
21 90
29 47
90 38
91 67
30 50
18 54
70 76
98 82
28 45
80 31
29 76
80 94
60 97
25 43
100 44
66 11
69 77
73 33
11 54
21 47
43 69
19 86
95 11
27 78
71 59
55 94
46 84
78 95
44 36
29 15
30 51
30 76
26 59
84 99
41 20
76 32
83 63
38 20
71 38
86 39
42 98
86 38
50 84
96 83
48 85
62 47
52 64
80 38
29 27
95 96
27 42
71 44
26 32
63 47
100 94
35 78
82 93
19 17
68 39
11 36
96 90
28 84
92 52
49 31
24 31
54 22
67 28
65 11
78 55
75 43
14 89
75 74
34 40
54 74
81 66
72 86
32 63
58 31
47 56
43 67
10 91
33 49
44 33
13 12
52 72
96 55
48 21
21 81
59 86
93 31
61 74
36 72
22 87
12 66
58 15
40 53
67 35
20 36
15 90
27 99
29 16
69 11
68 19
98 43
44 85
93 70
46 41
85 91
29 28
68 60
74 89
79 58
71 35
58 96
86 26
19 44
40 70
70 97
13 35
84 47
42 62
84 73
52 20
31 31
95 14
28 48
15 90
11 16
39 33
82 62
96 28
42 30
20 38
74 91
49 68
84 85
57 90
90 70
78 36
96 22
50 47
38 25
37 41
22 53
79 62
84 88
10 50
53 54
81 33
31 57
76 18
82 30
95 65
87 67
83 79
62 92
58 43
39 85
22 69
92 66
84 44
46 48
73 43
78 82
88 11
44 84
36 28
48 81
29 96
45 78
24 52
92 64
97 41
21 89
100 71
81 26
99 49
16 54
37 21
15 53
95 47
20 95
39 32
22 67
91 36
98 58
97 83
16 89
16 84
69 73
82 13
17 63
68 34
13 12
75 65
18 73
35 26
19 64
95 47
11 70
14 52
63 46
11 13
51 33
97 84
53 54
59 40
88 12
88 23
42 10
90 52
41 39
97 94
76 21
82 51
12 37
79 18
29 54
19 37
49 13
64 37
82 92
89 74
89 53
54 28
63 85
40 22
21 15
74 81
43 88
39 97
88 98
66 81
43 87
75 41
26 25
59 82
82 81
10 26
63 69
13 26
52 85
36 66
32 22
98 79
75 87
83 37
92 83
32 52
51 99
85 61
47 53
32 78
34 30
23 50
51 10
89 74
23 96
88 94
60 82
21 62
64 66
33 49
34 48
63 40
73 44
52 43
93 53
85 27
75 56
15 86
37 65
14 12
67 23
77 76
58 90
13 84
55 86
47 46
88 61
89 83
84 26
44 75
85 41
22 98
55 43
49 70
16 56
53 24
64 84
73 42
28 12
66 73
52 69
71 71
47 47
63 61
61 39
89 52
41 21
85 89
73 58
72 93
21 50
73 97
67 43
82 97
78 72
44 20
57 95
42 65
31 24
32 59
27 54
16 13
32 60
40 15
99 34
81 37
92 75
93 93
12 68
25 54
81 87
50 90
31 59
46 33
55 62
25 93
96 98
12 72
29 29
80 77
18 71
76 22
45 64
40 52
66 70
62 60
79 49
91 61
30 98
56 52
21 33
17 17
72 17
40 50
60 34
95 86
35 60
95 82
43 13
81 57
31 86
72 64
97 30
55 29
61 41
35 81
75 47
89 77
93 69
50 23
46 78
67 87
57 66
91 34
38 78
81 10
53 51
66 70
35 47
89 95
30 74
83 68
82 33
92 88
19 41
63 37
50 53
28 30
72 31
79 16
60 20
74 39
47 59
61 71
57 30
21 54
90 75
23 16
52 51
50 60
41 60
55 30
49 85
69 12
50 36
37 79
15 47
60 99
25 94
26 41
17 55
39 38
95 89
96 86
64 78
48 43
59 53
16 81
65 23
15 27
94 88
25 60
72 59
34 82
48 26
27 18
28 92
28 66
64 51
86 69
84 36
54 75
31 20
56 89
21 52
92 38
29 52
70 55
94 16
37 78
77 54
72 96
83 84
49 59
87 46
13 85
65 39
15 88
92 95
19 10
84 54
70 65
38 51
94 18
14 73
18 34
36 13
94 84
76 42
12 64
39 44
42 40
18 50
56 71
66 55
81 46
27 79
50 49
61 90
77 10
24 48
67 85
17 46
52 56
37 41
27 57
50 95
71 15
27 52
66 84
37 93
28 23
81 50
28 49
38 67
89 37
89 25
78 38
99 37
14 32
76 58
67 47
50 44
52 75
52 56
27 88
56 16
83 91
56 68
50 42
78 38
63 97
91 82
11 60
40 92
90 29
22 27
93 36
27 49
90 52
57 77
59 80
65 74
73 37
33 21
71 65
62 33
14 85
49 63
90 26
56 40
18 48
28 57
21 80
48 12
98 53
32 12
19 66
80 27
81 64
60 35
13 25
40 72
98 28
51 89
38 49
44 43
40 43
31 47
54 62
64 65
51 54
80 80
66 13
89 64
85 87
97 55
33 95
45 28
18 38
88 60
16 41
85 53
31 51
65 42
68 88
91 43
85 27
73 45
90 54
55 10
29 73
35 74
29 68
84 62
81 29
14 31
93 84
32 11
19 98
31 96
21 54
20 30
37 99
36 11
35 13
14 97
18 81
61 70
19 57
47 31
15 61
50 50
11 38
98 14
95 65
87 30
29 47
22 16
87 73
95 47
17 84
59 91
37 31
39 92
28 74
72 11
89 84
96 38
57 21
88 28
64 31
86 97
100 96
33 27
31 54
41 17
31 34
17 98
78 37
97 70
33 17
12 15
72 21
47 86
31 45
82 27
61 23
61 100
14 44
82 94
99 72
24 47
47 14
18 26
60 63
53 93
10 45
51 80
12 57
41 73
80 91
31 33
26 49
86 52
12 74
62 27
24 71
12 50
19 17
12 14
27 62
84 57
87 76
74 58
86 68
12 46
40 18
46 45
44 15
59 77
33 73
39 72
87 66
86 11
50 57
94 17
41 75
45 84
86 49
55 54
27 21
47 99
26 50
44 43
24 65
11 57
63 78
46 13
89 40
64 74
21312
47 97
85 49
80 92
78 36
93 34
18 51
57 94
51 65
100 83
88 83
87 59
52 57
82 39
20 38
64 37
98 82
81 88
30 100
93 92
94 76
73 97
49 13
25 31
58 78
47 22
36 95
93 12
93 24
56 22
42 62
36 98
38 40
87 33
52 50
91 35
66 98
73 74
46 63
39 66
13 94
85 96
92 84
39 94
27 48
97 20
81 51
93 50
89 30
95 32
86 29
67 35
68 59
83 76
68 31
91 62
88 50
22 59
84 23
86 83
54 42
22 69
90 59
29 53
58 12
14 50
14 41
84 99
29 76
28 89
43 84
41 32
93 15
41 11
80 65
17 30
37 54
81 11
76 10
73 69
83 96
79 36
73 91
93 14
47 54
33 79
68 90
24 77
66 66
93 13
23 48
36 22
42 38
49 33
47 82
62 41
33 25
58 98
44 58
11 19
22 60
56 79
36 83
43 70
37 50
26 31
29 67
61 64
62 82
44 14
52 73
85 64
100 56
61 40
94 54
15 48
90 50
17 90
92 81
85 58
15 84
36 95
19 10
65 31
37 92
59 87
53 23
30 35
94 51
93 23
52 17
79 95
25 48
92 26
83 59
20 52
62 72
98 25
50 14
16 48
81 39
81 100
54 41
24 96
73 40
24 85
58 32
60 55
94 58
53 24
12 68
79 52
45 73
98 81
75 24
22 27
14 41
64 44
58 34
95 14
74 33
91 54
45 54
59 61
100 56
43 25
38 65
76 31
87 32
44 34
31 34
12 62
73 22
37 90
39 79
56 51
13 20
18 21
43 43
66 50
18 87
60 45
38 51
86 42
95 73
54 98
16 30
36 29
34 57
79 84
24 16
62 27
73 35
93 46
25 11
58 26
47 83
100 72
35 99
80 87
42 83
97 91
81 57
75 51
99 27
81 54
35 70
76 75
44 34
100 70
51 42
77 56
25 39
39 59
43 84
94 74
78 44
53 97
10 51
49 55
73 67
99 96
69 47
24 44
40 17
79 31
64 98
36 97
25 37
89 55
34 39
44 82
51 84
42 54
89 12
55 27
40 80
57 93
14 98
85 44
87 48
57 97
76 39
21 79
16 21
92 58
69 61
91 48
33 35
61 16
57 26
81 24
27 60
55 87
72 93
45 54
82 10
100 53
83 57
10 12
100 22
34 71
77 50
27 79
27 82
15 56
67 37
86 91
65 76
60 96
96 44
52 23
82 23
19 44
43 63
34 53
37 27
55 38
65 61
64 92
70 98
44 77
69 70
91 51
45 55
42 35
69 52
27 95
40 88
25 68
78 16
16 67
68 33
16 14
18 35
24 56
95 44
89 39
98 52
100 77
46 24
18 66
64 85
60 77
42 92
55 34
25 58
44 81
66 74
29 81
82 60
85 16
13 16
58 54
53 40
92 51
15 50
75 39
21 87
49 58
14 10
97 98
44 98
94 90
77 81
63 57
90 50
20 77
86 15
27 36
89 87
40 100
68 19
17 73
44 93
21 79
90 35
39 24
20 45
97 83
89 64
14 85
60 45
51 47
89 14
63 69
78 34
50 46
93 47
73 78
46 87
89 95
36 100
95 98
77 49
89 14
14 77
88 20
63 90
11 12
32 47
85 95
41 79
37 76
87 60
75 36
86 61
83 98
48 91
23 45
41 52
45 78
83 88
24 50
66 84
57 79
22 50
22 68
69 99
69 57
77 59
36 68
24 42
53 80
31 57
79 21
81 77
35 24
50 26
94 75
78 39
63 98
39 10
35 77
49 51
19 23
90 78
23 26
50 55
60 96
47 23
63 55
71 16
92 91
11 74
73 55
31 74
66 73
29 77
78 94
21 66
98 83
25 73
82 79
79 16
24 83
30 97
100 75
54 26
56 51
57 28
12 25
80 54
74 48
31 37
16 95
99 37
33 46
48 63
51 38
76 66
26 42
90 72
28 86
33 55
97 30
41 20
83 91
98 82
75 88
44 68
29 99
16 53
84 63
97 20
28 26
76 81
60 62
42 11
29 37
89 28
88 25
100 79
17 52
21 37
36 100
38 93
16 19
22 61
14 71
30 11
74 67
17 68
75 98
36 16
74 79
91 17
83 100
60 21
54 64
41 79
80 95
76 66
17 18
64 95
44 94
96 76
59 79
65 43
77 86
99 16
17 31
85 94
83 42
73 90
49 57
43 63
28 40
84 44
66 62
76 67
85 30
100 39
10 24
14 54
82 41
71 86
63 81
76 10
92 50
29 76
97 49
84 66
53 68
66 29
80 78
58 36
30 15
82 72
23 39
76 58
57 37
35 83
24 93
51 76
72 31
42 82
11 30
97 99
34 17
93 28
53 85
84 62
99 16
60 50
62 64
10 71
44 35
44 48
58 34
63 73
62 71
26 14
29 58
86 15
88 62
24 100
21 47
100 86
60 32
30 94
90 98
83 16
75 60
47 75
21 88
69 83
84 14
68 39
99 66
37 40
41 97
88 12
28 27
46 97
86 50
58 45
40 13
69 38
49 38
67 56
21 69
63 50
29 84
28 15
45 66
96 92
67 60
82 46
69 52
98 82
80 49
12 57
10 51
19 88
31 38
77 45
58 46
50 72
51 95
42 67
49 54
96 66
42 64
82 34
50 32
51 87
83 61
79 28
65 43
39 11
60 23
65 65
99 44
77 46
21 16
99 92
78 78
62 94
77 17
59 25
10 44
38 51
40 99
84 62
66 81
31 72
82 32
58 37
14 96
82 49
27 97
24 82
59 80
52 39
100 76
19 60
78 37
91 76
28 69
96 97
39 56
57 66
86 56
66 25
79 89
85 11
72 78
38 68
25 78
29 98
15 97
70 71
72 52
27 35
51 12
52 23
85 96
66 41
51 98
81 97
23 100
78 52
34 48
81 82
46 51
30 57
40 99
100 54
82 80
82 79
48 76
77 76
74 41
69 10
13 19
86 95
100 63
20 60
32 81
85 29
91 61
50 74
42 83
59 59
51 25
44 46
57 77
65 26
68 77
77 59
99 33
11 13
72 92
26 11
93 45
15 67
16 43
74 90
17 20
62 50
20 25
23 31
82 98
95 62
87 81
48 84
15 54
53 36
39 89
35 35
32 62
32 67
16 21
70 14
56 30
32 40
83 18
13 20
10 32
19 77
38 21
25 24
23 76
31 20
13 23
28 49
77 26
73 52
72 55
53 28
23 66
33 26
43 88
86 64
76 76
36 51
84 83
22 96
78 50
91 83
44 25
56 49
95 21
50 17
73 35
37 82
53 11
25 65
45 46
19 91
26 68
62 95
83 15
36 98
98 98
82 63
89 17
73 95
91 87
37 36
44 81
93 33
46 35
22 17
27 28
98 13
51 100
55 53
74 40
38 23
