3 250
7184
84 21
49 69
68 26
20 92
97 77
74 30
60 96
30 80
13 60
95 61
19 52
41 92
17 19
95 10
73 63
12 34
66 100
55 60
75 11
20 12
56 37
80 100
59 74
66 17
25 60
70 69
95 49
96 69
62 49
74 59
31 17
59 21
21 74
85 85
45 83
97 41
23 29
53 63
51 56
95 38
58 66
68 92
62 25
45 84
83 89
82 21
47 46
15 94
52 96
72 92
19 24
96 92
93 53
64 25
72 10
91 31
32 83
96 34
44 64
76 69
69 95
82 40
51 59
38 87
52 13
22 94
83 53
27 52
70 61
56 53
29 78
89 34
86 89
48 32
13 28
95 56
66 52
94 40
16 41
44 59
67 35
90 96
48 72
29 55
90 100
54 44
77 90
28 66
100 59
86 22
51 72
62 25
40 36
54 16
21 56
55 91
50 61
62 56
51 66
77 53
89 83
57 10
82 51
63 48
75 99
67 16
99 11
97 44
95 95
28 50
83 50
51 99
99 79
43 24
38 88
93 33
76 19
31 76
75 26
90 24
32 47
76 74
84 28
42 56
33 68
65 94
44 25
77 15
11 26
38 10
97 69
73 70
28 40
36 30
49 65
55 54
14 69
34 82
15 10
62 71
93 56
30 72
77 63
70 95
41 17
34 21
42 23
94 41
79 93
70 32
79 96
65 67
86 34
81 61
27 67
24 91
54 25
95 78
44 36
46 30
21 44
76 25
96 19
10 56
84 15
51 17
25 23
23 49
78 53
79 25
80 56
63 75
22 40
79 93
87 73
71 41
62 92
97 54
17 17
35 25
46 71
46 95
97 11
76 74
72 56
31 39
13 43
94 66
69 13
28 76
34 91
11 28
53 99
99 33
96 37
77 22
38 43
96 76
25 100
89 97
57 25
29 59
95 13
19 80
80 60
66 41
47 80
78 87
64 87
63 70
34 95
10 97
14 61
27 12
52 42
84 42
68 18
41 38
16 83
71 19
93 47
11 89
14 85
11 74
20 54
37 21
64 73
78 94
97 42
32 27
51 16
38 86
44 54
98 66
97 93
19 31
37 38
43 100
55 60
62 35
27 70
47 27
41 24
12 12
95 70
85 39
44 83
37 31
64 53
32 40
6962.5
88 40
42 58
77 58
36 26
86 11
99 67
76 76
92 19
57 73
13 17
99 24
45 49
29 28
98 100
12 97
29 96
62 75
48 34
100 93
92 85
22 19
56 58
33 96
64 79
100 29
48 66
59 33
14 16
78 48
63 30
40 51
36 81
94 50
98 32
50 47
59 80
86 54
31 71
34 35
13 80
41 70
67 100
94 96
83 62
59 47
29 100
60 34
19 99
44 76
30 27
32 49
100 96
53 44
14 35
79 52
54 78
93 65
10 20
30 46
53 24
79 12
44 15
70 63
72 29
13 58
52 58
48 42
79 75
16 100
49 70
57 89
95 85
72 25
56 97
20 12
45 72
57 65
61 87
64 29
10 32
93 55
50 42
55 17
25 46
66 24
83 47
42 85
31 85
66 61
94 89
33 38
96 75
53 64
98 67
66 69
74 36
73 100
88 67
99 54
53 98
75 63
10 43
50 27
91 64
27 55
68 27
92 47
94 81
36 77
60 37
23 44
18 45
88 37
14 15
97 13
42 28
77 53
12 71
100 72
27 61
76 72
12 100
17 29
17 88
17 98
93 64
10 37
53 52
61 37
18 100
55 11
56 65
84 15
47 66
92 80
17 87
35 31
17 15
58 44
12 94
92 74
64 19
10 44
67 94
80 74
100 63
25 45
28 47
85 30
48 98
71 79
48 42
85 34
49 92
100 29
81 57
59 20
79 93
57 29
35 30
27 88
32 74
47 13
60 70
53 54
27 36
63 54
73 92
81 61
73 81
57 97
55 15
55 43
34 10
100 99
81 47
40 98
39 22
41 48
50 20
24 39
46 90
100 73
36 94
59 76
17 86
40 54
73 82
21 12
89 33
30 97
46 29
37 99
29 37
91 83
48 28
91 79
74 12
59 82
19 52
30 23
60 86
20 59
11 48
39 73
97 94
19 92
93 35
18 71
99 24
86 23
90 37
69 71
46 44
97 20
95 67
58 68
87 28
61 37
58 68
83 56
75 47
90 39
12 100
41 39
15 86
60 46
84 43
16 79
61 72
60 60
46 18
24 26
66 41
78 20
47 95
31 61
23 65
15 68
20 34
67 25
95 96
21 93
21 14
59 29
94 31
50 86
76 25
41 33
94 29
6635.5
96 76
20 38
80 62
95 37
48 95
44 11
16 18
70 83
55 15
45 12
32 38
25 19
54 45
87 31
34 32
88 63
80 92
33 65
61 14
47 91
77 99
68 83
64 87
30 66
53 87
13 48
96 93
57 31
41 48
74 15
69 22
19 21
89 98
18 65
25 19
92 66
63 56
74 90
100 81
19 48
38 15
100 40
46 59
11 23
28 85
78 52
21 81
31 98
57 17
52 65
34 92
31 50
18 65
86 42
71 24
76 75
28 20
29 48
95 66
63 22
43 55
32 79
16 65
52 38
79 26
24 80
100 10
23 30
36 64
33 20
82 90
42 91
29 42
37 42
71 34
71 44
62 78
41 38
48 14
83 79
39 82
74 94
56 15
11 33
90 31
83 74
39 61
69 41
85 84
59 28
57 31
69 79
48 88
70 97
20 25
100 14
92 51
24 79
55 34
17 82
53 99
34 45
16 72
38 76
64 31
16 12
32 43
62 85
45 70
79 48
67 68
51 36
67 36
67 62
46 65
38 94
14 42
90 24
37 49
74 82
61 22
72 73
13 79
30 95
52 19
98 19
45 22
65 65
69 22
81 64
62 73
37 33
88 46
89 16
37 73
12 12
79 86
97 57
24 78
27 25
64 46
33 32
49 90
39 77
70 74
18 68
12 27
59 42
52 87
35 54
17 32
17 57
89 43
43 94
48 26
78 45
39 92
53 82
70 99
42 41
45 40
83 45
62 44
21 48
46 42
58 76
37 44
55 29
28 50
85 88
54 52
95 32
15 58
29 42
55 24
35 57
99 29
84 21
64 13
24 45
90 30
20 99
49 41
71 77
12 55
33 12
85 26
68 97
79 95
60 55
44 24
25 51
51 27
92 23
54 14
33 94
92 64
34 18
58 14
71 54
29 11
41 98
52 47
53 82
53 66
73 43
38 12
37 91
74 97
54 27
19 87
79 71
25 27
82 49
84 30
48 75
47 92
32 12
42 91
64 51
82 92
33 82
29 12
19 36
38 93
78 93
45 78
10 78
31 84
42 53
74 26
61 34
21 92
26 21
18 44
23 74
99 65
94 70
60 88
42 19
44 19
84 79
78 71
84 24
41 56
51 30
84 31
52 79
47 63
100 96
