4 1000
26944
92 33
15 90
67 59
13 59
81 62
13 97
58 86
91 59
86 34
52 57
100 67
60 81
35 81
13 27
87 77
87 39
83 61
28 39
33 56
22 18
16 27
50 23
59 72
23 32
19 36
33 56
47 89
81 11
53 83
99 30
78 100
38 90
63 19
37 34
24 81
56 88
46 88
13 79
58 98
28 73
25 14
62 63
74 69
27 97
21 63
83 65
79 84
48 32
24 29
30 60
63 82
37 27
21 21
51 83
84 100
100 65
14 68
78 52
27 48
99 15
53 97
67 12
43 77
48 72
81 77
99 14
61 59
76 16
87 100
58 66
14 15
37 48
40 19
35 33
65 67
28 92
49 76
40 20
22 20
12 64
68 37
97 20
41 12
73 42
45 64
15 43
25 29
11 74
18 88
25 21
12 92
33 100
79 96
60 72
68 59
72 81
58 87
23 59
12 35
83 35
63 82
19 32
82 68
87 46
95 47
99 36
30 38
63 39
43 42
17 31
83 15
49 51
57 15
54 12
24 51
95 19
61 14
39 32
49 22
44 60
71 55
42 92
38 86
49 37
64 12
59 41
76 72
38 62
48 47
59 29
66 17
59 26
39 83
15 98
24 91
30 81
93 77
90 41
24 91
26 32
63 100
53 67
31 67
70 85
34 69
20 17
67 12
68 67
69 80
76 15
36 89
44 66
18 15
44 67
13 13
52 39
74 22
80 51
64 80
41 56
81 44
42 50
26 54
38 78
92 54
10 42
53 33
24 18
13 68
45 86
75 60
18 19
99 91
27 45
45 59
56 18
50 78
17 81
75 93
99 35
88 26
73 73
94 83
19 61
15 72
81 97
100 39
74 92
34 33
94 27
60 16
20 65
45 41
80 32
53 81
20 22
54 51
17 23
22 94
39 95
52 63
21 93
84 66
84 16
99 29
44 48
68 72
49 27
35 41
41 21
82 61
33 83
90 37
53 65
32 30
74 65
40 97
22 49
18 25
68 24
17 90
90 60
67 24
74 71
66 54
19 39
64 100
20 54
73 63
84 40
68 45
88 85
39 36
60 44
63 77
18 55
88 50
81 80
17 53
55 99
28 50
92 27
18 68
93 25
44 56
96 39
28 76
52 74
75 32
90 20
51 98
94 73
24 83
85 37
41 89
23 51
62 90
28 40
93 47
35 76
10 37
20 33
24 41
52 57
67 65
41 94
95 50
85 56
90 91
51 23
77 91
28 10
25 40
89 45
37 24
50 23
17 47
88 39
90 54
81 84
82 98
51 50
48 91
16 28
31 28
57 95
29 83
69 62
20 90
68 81
92 11
47 44
89 47
93 50
69 88
86 72
99 46
60 82
25 75
61 19
42 19
15 70
33 70
66 70
57 67
22 67
63 55
14 85
41 60
16 81
38 41
59 18
56 28
38 53
34 44
41 44
48 70
65 71
27 61
88 100
73 40
61 17
32 81
96 51
95 18
31 71
92 85
17 88
38 56
72 51
82 93
61 68
16 25
73 64
79 78
65 98
77 89
69 23
35 27
21 83
70 50
61 78
40 82
87 94
94 62
21 71
38 44
86 12
27 63
46 58
64 40
26 43
13 70
95 82
77 73
31 13
88 20
46 93
20 34
36 32
81 60
39 17
26 82
63 81
21 23
65 46
88 24
78 100
78 55
85 18
57 10
45 25
98 84
26 82
25 86
16 26
74 95
100 44
70 36
11 86
92 31
71 49
68 24
10 61
40 31
35 79
21 34
85 49
59 81
24 27
80 38
35 79
72 62
78 48
48 21
46 32
94 43
56 70
30 72
52 61
29 83
12 21
28 59
38 35
38 90
21 88
85 97
99 19
78 85
71 59
25 33
14 39
54 14
52 31
14 58
34 72
54 97
27 90
83 70
61 45
35 88
15 79
23 94
47 73
16 33
94 94
21 49
20 52
62 26
41 67
46 89
57 85
88 45
68 10
33 15
31 76
17 13
30 81
36 51
56 81
19 52
92 22
72 86
99 88
11 86
45 17
12 27
25 47
30 25
84 87
24 11
34 50
73 38
18 54
18 100
28 83
21 61
31 12
32 53
65 68
18 77
88 22
56 81
75 26
53 94
30 13
26 42
74 94
47 47
87 75
18 17
16 81
44 65
39 59
95 96
90 55
24 74
66 46
15 94
71 29
60 77
32 34
36 81
12 37
41 45
77 32
62 72
35 100
50 76
24 89
74 96
56 58
44 78
66 22
46 100
64 75
14 58
22 96
33 39
58 90
47 91
20 19
91 42
52 44
87 33
57 90
82 40
42 84
98 68
22 22
37 78
50 92
19 15
75 60
56 34
85 82
21 32
86 55
58 41
73 84
69 27
14 58
75 24
36 17
56 54
49 26
50 59
17 28
81 69
34 75
25 47
35 12
71 24
38 10
33 15
70 56
56 18
77 19
69 54
39 56
96 33
40 45
12 43
65 26
59 16
79 53
10 57
21 35
76 49
68 75
73 40
97 12
51 77
82 70
84 44
40 36
76 17
23 50
64 70
80 59
48 75
97 21
73 22
71 62
84 63
52 54
75 58
78 93
78 47
69 25
49 32
13 20
73 96
28 42
66 34
25 96
28 89
35 54
38 64
65 58
59 71
85 40
97 36
59 97
36 16
85 99
90 35
64 47
42 74
29 35
50 19
20 78
88 76
74 93
13 64
97 32
27 85
68 79
75 24
24 10
60 73
77 87
71 19
21 27
17 75
27 37
93 34
30 45
83 87
28 25
11 42
73 75
66 64
74 71
43 67
92 32
57 90
46 64
36 38
74 87
86 57
26 84
53 24
45 49
33 38
63 46
91 58
87 25
79 40
56 65
58 84
38 48
98 88
61 93
61 12
44 57
67 74
71 64
21 66
97 82
83 92
66 69
55 59
48 91
83 60
23 39
90 91
46 17
51 58
73 24
19 86
56 46
58 74
37 100
91 84
51 51
24 47
98 25
64 95
93 26
94 60
60 68
55 29
52 62
83 70
39 32
75 20
43 61
45 83
29 31
29 79
77 15
91 70
68 40
18 18
19 66
55 51
21 76
59 54
42 60
69 100
16 98
86 11
83 94
72 11
94 94
12 66
99 62
79 71
52 33
75 29
30 56
34 56
72 89
71 51
38 21
41 88
81 72
16 26
52 12
62 55
74 94
31 95
91 26
47 31
50 75
85 78
67 78
31 71
10 57
79 75
63 33
55 50
47 92
49 46
93 56
88 31
50 63
13 31
81 100
42 97
85 60
65 13
26 75
17 87
80 29
19 78
94 60
67 31
42 60
40 35
76 19
54 74
23 100
12 61
44 24
63 89
87 26
58 61
33 19
44 77
97 92
15 81
18 84
81 34
14 60
45 95
79 55
84 97
92 40
34 14
57 90
96 74
27 88
59 34
50 70
17 91
88 18
25 90
24 53
55 81
27 96
31 50
13 100
47 11
40 33
13 98
43 72
43 66
26 58
89 32
46 100
38 89
27 14
89 70
61 25
75 39
78 67
15 18
75 35
35 15
98 99
81 99
69 52
66 63
42 19
90 22
40 23
29 45
39 87
93 87
15 38
92 13
94 11
99 50
85 45
48 47
99 60
66 93
48 17
87 69
51 79
74 29
20 75
84 31
77 17
47 94
65 90
59 84
77 30
63 27
49 69
50 81
85 90
36 84
75 36
38 19
70 28
80 99
63 43
59 22
56 100
19 54
72 30
44 88
38 21
95 53
59 86
79 15
72 50
77 78
43 44
91 25
24 41
29 60
73 58
64 99
33 25
17 39
24 50
79 26
67 18
21 31
33 68
73 67
46 73
51 33
51 37
35 84
79 72
38 32
47 66
92 69
65 95
76 26
80 91
39 65
70 49
73 40
76 35
83 59
100 78
58 76
88 48
59 87
32 36
37 64
47 25
54 65
99 75
17 35
26 37
99 68
37 59
63 54
15 89
66 86
91 18
41 71
42 45
23 45
70 25
47 66
72 56
50 30
66 20
67 80
27 22
46 93
27 99
85 79
47 35
81 25
73 100
35 48
40 21
93 32
25 74
14 17
72 33
44 30
63 33
62 76
45 80
98 42
11 95
25 23
23 33
78 34
32 77
49 71
86 57
44 63
68 48
60 66
55 53
37 29
100 89
12 32
40 48
28 75
20 34
62 57
19 92
78 14
54 89
48 65
43 38
49 78
36 100
49 51
31 67
11 85
42 38
44 27
80 23
69 47
79 15
80 76
93 81
87 68
34 57
15 98
89 89
26 72
47 26
24 14
49 36
50 94
40 80
25 20
27 39
67 53
20 54
62 25
77 88
12 39
46 45
90 70
12 73
62 62
87 44
82 77
94 96
92 15
29 68
57 63
63 62
62 47
64 83
59 91
90 76
59 37
38 10
52 92
29 24
64 83
64 43
80 25
26 94
67 70
42 22
92 83
51 25
80 42
59 89
85 94
58 99
19 27
45 15
27 12
28 34
65 61
95 29
63 30
79 87
18 74
100 74
94 61
33 53
28113
39 51
94 75
65 27
23 71
78 11
82 23
79 83
86 45
38 55
26 94
95 100
21 96
55 32
96 39
56 56
81 52
94 79
93 75
18 54
16 96
46 98
40 97
82 44
45 74
61 28
78 80
76 51
62 56
23 57
100 22
31 80
74 47
65 83
55 82
12 37
17 37
20 95
40 10
22 33
73 25
97 77
11 36
49 84
75 20
15 98
60 87
53 89
20 36
24 51
13 59
36 19
29 73
35 68
35 78
38 76
45 14
80 74
72 78
99 45
34 33
31 16
26 98
69 25
87 79
38 60
26 86
57 58
32 72
41 20
81 53
78 58
17 97
25 51
90 33
86 16
43 49
90 88
40 49
21 15
11 100
39 73
28 30
92 95
52 16
60 26
13 90
90 34
86 92
27 72
16 76
70 16
12 100
66 93
40 32
88 63
11 30
24 100
38 23
42 79
45 92
31 56
80 72
66 43
15 48
84 65
52 64
32 57
32 49
87 75
89 63
20 24
19 30
61 56
38 52
26 64
95 13
23 27
61 88
72 34
20 22
74 84
45 82
95 11
59 37
48 92
93 75
72 81
18 29
61 79
57 92
23 53
44 52
99 97
30 90
52 37
100 56
37 100
38 44
40 26
47 94
58 33
58 29
79 23
79 100
79 88
83 65
60 67
13 89
38 21
100 40
37 57
77 90
40 56
86 55
68 37
29 100
74 52
98 90
26 97
10 19
57 39
62 67
53 13
95 79
93 64
67 81
61 60
27 90
50 45
13 12
58 73
79 56
36 17
12 21
45 41
54 11
27 78
32 62
37 58
47 79
73 29
35 34
82 34
44 54
54 95
10 64
98 14
26 52
63 58
16 29
22 19
18 54
61 57
69 39
36 79
12 47
13 18
47 46
71 57
86 87
35 14
23 45
58 36
52 62
94 61
13 95
11 37
11 52
40 26
84 84
56 19
83 63
63 28
32 75
58 16
75 79
86 58
62 69
15 94
49 42
41 65
58 55
78 44
58 74
63 100
94 91
31 75
76 37
69 55
41 11
64 86
76 56
59 53
99 72
69 94
80 54
71 34
85 45
29 67
63 56
53 80
95 37
88 76
96 16
99 60
37 18
96 24
88 30
40 74
86 17
30 52
46 83
53 65
44 92
63 73
25 97
76 80
77 84
64 36
54 73
98 65
61 35
55 63
31 94
88 76
94 13
87 64
85 16
43 63
98 95
10 68
61 76
49 87
65 25
51 59
100 71
91 22
59 32
95 50
65 58
14 23
48 38
27 75
91 49
51 42
27 21
99 13
87 79
85 48
84 14
38 27
87 84
69 86
79 98
22 93
96 71
33 20
59 16
51 60
54 37
90 37
85 41
95 49
34 16
64 32
60 80
66 71
19 74
16 48
94 72
17 78
83 73
25 72
99 24
73 79
42 16
22 99
61 69
12 48
32 58
40 17
60 57
19 26
97 70
64 38
28 54
82 31
99 20
73 95
53 69
31 83
80 28
88 69
93 20
15 72
27 57
89 94
52 77
18 58
10 38
89 27
11 14
32 88
18 86
85 77
28 55
33 58
75 82
44 97
17 41
96 70
36 52
98 93
93 73
76 48
16 26
78 14
21 43
62 86
58 23
32 96
40 26
79 34
58 74
56 79
44 86
46 17
33 100
37 74
47 71
21 54
95 92
97 89
92 33
10 47
82 67
64 21
33 77
21 87
64 92
99 72
71 39
83 80
59 15
97 70
39 91
50 88
96 59
57 81
55 90
97 43
49 70
44 35
85 84
32 24
61 84
74 64
78 28
83 25
70 65
95 59
42 25
35 64
65 40
34 98
83 74
46 81
49 65
45 20
50 98
86 72
97 68
73 21
74 57
93 68
37 65
34 35
88 97
89 10
97 87
56 80
47 47
84 45
96 70
45 52
54 75
63 50
48 48
68 54
36 32
35 72
83 22
26 40
76 44
50 31
79 31
92 83
76 19
94 14
60 37
36 50
66 24
54 47
32 10
91 71
78 82
23 73
81 16
31 95
34 40
94 69
72 99
92 63
90 44
10 48
83 94
79 94
56 11
41 100
100 67
87 30
69 11
11 76
99 100
79 27
81 91
85 17
42 41
48 49
49 81
95 31
14 14
58 17
25 19
51 67
13 62
53 78
14 66
31 92
25 68
88 39
82 32
76 34
99 11
71 43
44 17
76 82
48 59
98 99
62 40
38 97
100 87
61 10
59 45
26 11
38 12
16 70
10 43
29 55
30 44
51 62
20 81
45 71
68 10
100 56
77 30
56 72
52 50
32 59
58 91
29 18
99 54
88 86
10 43
69 42
90 86
91 68
46 31
86 45
94 35
87 54
37 58
82 53
77 51
91 16
27 85
52 31
19 74
46 97
19 37
95 69
37 80
98 12
80 61
56 77
50 17
62 47
87 44
32 31
77 50
15 16
87 36
20 10
42 28
85 16
62 79
50 21
59 55
90 100
26 43
64 45
76 33
49 17
17 62
90 74
24 65
80 15
46 76
77 10
69 21
24 35
67 74
62 27
91 63
28 47
95 83
88 16
13 63
90 32
77 10
17 74
64 12
92 76
26 90
59 94
79 64
100 16
73 54
78 33
46 100
65 81
76 58
16 40
19 46
97 73
96 35
87 34
66 71
10 78
34 79
56 83
39 59
17 51
59 18
76 65
53 66
79 30
42 95
84 68
32 74
70 94
20 10
84 67
44 72
43 52
86 49
86 35
47 66
41 29
94 12
79 11
21 46
66 85
85 39
90 74
70 91
47 91
16 78
57 51
51 63
92 32
52 58
77 24
47 65
94 12
11 77
25 81
44 72
87 49
48 84
93 15
10 40
72 99
55 14
64 53
78 48
55 84
97 42
35 65
59 49
23 13
53 78
68 98
88 72
83 38
79 23
94 25
26 30
71 35
36 46
36 76
92 87
82 35
23 93
87 20
33 55
85 57
25 17
47 14
66 57
67 78
13 17
44 41
43 10
42 56
100 51
13 61
95 88
20 74
20 39
95 70
85 75
31 33
13 81
100 75
66 56
10 19
90 28
51 37
42 74
75 95
91 85
24 14
27 25
22 74
70 87
13 17
33 52
71 87
75 58
100 60
26 45
11 15
29 31
11 82
76 67
20 99
19 79
90 51
95 70
18 55
77 48
17 16
70 97
54 21
41 75
76 78
65 68
88 37
35 81
10 93
47 69
86 59
46 79
17 99
28 65
25 24
79 20
40 37
52 16
78 60
36 46
85 45
76 13
20 40
45 44
66 44
61 36
41 74
73 44
35 32
51 37
44 98
18 88
47 85
85 18
36 15
36 37
52 44
22 98
74 84
31 76
77 88
97 91
87 87
11 32
71 80
43 56
69 97
27 89
98 17
34 37
84 33
93 95
95 44
44 97
75 20
93 76
47 90
65 75
14 57
100 88
90 72
47 43
94 15
40 25
36 64
32 45
16 14
39 94
97 35
24 76
42 90
25 30
69 18
56 98
14 25
34 100
11 52
97 52
44 50
24 87
29 16
88 10
55 42
11 75
39 52
44 77
80 24
56 65
91 45
91 48
63 80
73 13
23 15
92 11
98 23
10 64
45 64
23 53
27 73
97 40
44 90
59 45
41 88
61 98
91 43
53 68
40 65
81 30
89 17
99 96
30 94
95 53
60 79
62 44
12 37
44 94
58 37
96 20
30 12
98 70
69 38
76 39
61 34
75 33
60 95
18 68
18 39
28 72
92 36
20 37
27 41
81 63
27 98
74 41
28 32
84 18
59 71
80 69
72 43
44 28
67 13
48 50
80 29
31 32
29 84
74 60
39 38
83 40
23 49
64 58
11 83
99 60
25 54
71 59
79 88
48 14
46 36
22 72
81 97
11 37
37 40
30 90
55 31
23 74
64 47
47 97
29 70
55 71
55 45
51 14
99 62
69 65
71 89
12 32
20 61
24 42
17 36
66 31
91 93
70 86
88 15
20 85
99 63
91 36
67 63
38 57
10 40
52 96
31 61
35 62
17 13
76 61
69 97
97 26
60 51
62 47
100 98
66 14
91 36
95 28
46 12
36 27
21 54
79 44
60 38
52 31
14 31
81 34
29 58
29 76
46 86
93 96
33 34
13 67
71 83
33 70
14 40
95 65
67 56
25 55
19 97
14 80
42 65
84 36
16 100
59 34
77 60
24 26
55 94
69 30
63 75
54 64
20 27
10 24
24 65
99 85
48 15
38 10
32 95
39 76
17 94
32 32
88 90
95 72
61 60
62 39
50 79
72 51
99 22
33 75
93 17
31 42
11 69
77 27
48 84
25 52
38 68
88 17
37 54
44 63
10 10
88 85
28 87
38 29
61 27
77 90
37 89
85 87
68 45
89 43
67 42
50 82
29 42
94 57
97 29
31 83
84 100
69 76
40 54
11 98
27 31
66 99
78 57
82 99
65 49
52 50
87 62
70 25
38 82
80 80
80 94
27 66
94 10
93 85
14 13
75 98
82 88
91 94
28354
28 94
100 37
89 84
68 80
46 15
63 18
40 93
87 84
42 51
26 54
82 74
80 40
10 79
27 75
50 57
83 87
88 90
100 49
70 88
41 67
51 53
58 97
59 25
70 50
78 80
41 40
87 18
78 67
80 92
51 37
21 44
94 86
47 64
50 23
40 86
28 75
61 68
97 98
33 90
22 44
94 24
80 82
69 13
61 93
55 87
48 66
100 15
14 18
89 69
38 100
77 93
89 23
89 72
50 40
99 70
22 53
44 10
84 69
36 63
100 45
23 26
74 65
49 17
64 35
24 64
99 57
24 74
20 73
12 11
60 25
92 99
33 70
96 61
30 95
91 69
86 68
43 55
83 95
13 71
54 55
38 15
62 23
80 96
21 51
68 83
82 63
27 25
14 37
48 10
83 39
46 91
41 40
80 70
24 17
50 37
95 95
79 36
100 99
38 100
58 50
20 54
50 75
100 10
23 76
15 52
40 50
35 58
83 40
76 93
32 96
85 91
39 22
66 80
86 42
90 91
13 82
89 85
99 67
69 25
24 47
68 30
87 92
18 44
84 89
71 91
60 11
15 35
16 15
49 67
43 34
65 20
64 69
63 97
41 85
45 35
26 21
15 98
17 37
86 51
31 79
38 77
80 49
88 66
70 41
72 97
69 81
22 96
92 44
17 88
65 54
71 46
65 67
84 60
17 42
23 26
99 20
80 26
97 39
97 14
28 34
26 58
71 25
29 55
31 91
53 30
49 56
74 58
85 56
47 67
22 84
46 96
100 30
98 31
12 20
69 82
36 66
25 12
65 15
28 98
25 51
51 67
79 61
67 46
56 13
87 45
89 15
13 66
91 78
75 87
75 69
36 63
30 29
47 33
82 44
84 48
63 56
43 57
87 99
43 89
42 55
37 99
61 16
56 60
26 96
69 14
20 56
66 33
16 78
73 70
64 94
82 16
75 84
49 44
63 75
41 15
19 36
16 40
71 58
68 62
49 55
75 90
94 93
11 97
46 62
66 52
28 50
12 26
67 95
61 90
12 32
39 97
88 23
54 34
52 59
25 97
100 63
58 80
82 63
38 74
57 54
90 97
97 82
90 57
80 85
44 12
54 67
57 20
46 99
22 35
68 30
91 95
71 26
20 24
33 27
15 27
92 33
14 94
28 58
21 79
14 45
50 47
53 46
29 56
59 71
78 81
17 29
39 46
91 15
42 11
78 23
42 15
89 11
78 82
45 29
83 62
90 35
65 93
71 69
65 91
44 75
74 34
77 41
88 28
43 70
65 10
80 94
28 56
33 13
62 45
97 93
78 18
52 27
21 44
57 31
19 44
97 92
75 94
76 39
52 49
89 79
56 72
90 37
69 38
10 89
85 78
58 22
32 53
55 75
84 20
80 67
68 65
99 11
58 88
86 65
36 85
21 75
90 68
25 77
86 55
58 15
30 29
99 41
84 73
63 36
89 34
16 46
27 80
60 26
63 15
65 13
99 16
63 80
81 36
88 81
64 59
61 52
100 71
12 53
99 14
10 18
68 56
32 37
78 88
68 85
64 13
79 92
48 68
11 71
21 61
90 45
53 86
14 100
75 90
77 80
52 17
51 39
48 87
89 78
60 75
25 87
41 18
87 64
38 67
73 82
46 92
72 29
69 15
77 40
22 47
72 74
22 73
15 59
52 34
54 94
14 27
58 74
58 42
74 47
94 12
17 81
61 63
82 64
12 24
10 37
19 100
47 79
99 100
63 14
10 97
57 42
40 87
31 69
35 58
29 89
36 69
53 73
78 80
11 25
87 37
53 20
43 33
19 20
38 55
70 51
22 60
45 32
68 72
19 17
26 55
33 35
16 30
61 46
64 87
32 32
82 58
11 75
73 62
20 32
56 97
82 44
24 53
17 66
14 35
83 77
46 10
29 27
88 65
51 80
69 85
47 93
22 75
93 37
53 23
94 97
26 57
100 32
19 55
68 20
20 65
94 80
93 73
38 81
55 18
46 36
39 98
73 19
34 100
79 85
36 53
42 20
89 91
49 79
40 31
84 61
99 21
19 98
95 84
94 63
20 78
51 32
88 26
19 51
51 96
36 63
43 78
83 73
47 49
64 20
22 62
65 44
93 100
54 14
96 32
69 60
62 28
94 58
81 92
24 52
82 33
60 58
87 56
97 74
20 31
42 54
85 36
94 95
77 53
61 64
21 31
60 13
84 39
62 93
92 23
65 65
20 27
82 76
58 67
81 78
67 17
58 97
91 39
44 97
95 30
56 33
96 10
32 22
71 42
94 27
63 59
12 64
20 11
94 72
68 12
78 37
86 88
86 92
69 18
46 37
18 60
92 30
54 38
32 96
51 14
55 85
16 89
83 79
71 68
74 28
24 24
80 28
44 36
85 46
83 37
81 90
82 60
80 44
80 15
87 17
40 32
24 87
30 76
77 17
27 59
94 22
70 81
47 45
44 90
79 58
73 38
42 89
75 82
78 40
71 85
97 22
15 20
52 41
56 70
76 20
51 62
46 24
86 52
13 16
93 85
90 74
90 34
43 69
89 77
22 13
50 48
79 95
13 42
68 81
59 72
78 100
56 94
22 67
80 48
55 36
56 23
62 46
49 64
21 69
49 20
12 56
74 10
78 54
18 16
53 91
100 62
29 39
26 17
29 75
17 19
100 34
93 60
29 16
81 33
96 70
21 41
51 46
76 66
43 48
93 75
69 25
75 40
26 51
31 17
88 99
17 71
13 63
50 64
94 40
81 81
39 80
81 60
47 20
80 27
45 17
92 14
35 46
48 48
90 60
19 83
10 37
57 66
82 12
80 32
36 34
34 84
50 32
11 81
33 64
14 75
45 44
76 20
86 15
50 30
52 85
71 79
96 84
73 11
48 77
64 29
74 10
90 11
49 58
14 21
41 64
35 23
15 41
95 72
44 77
93 54
20 62
71 47
20 78
86 31
34 41
19 37
100 70
69 82
59 87
33 88
60 46
56 68
78 83
74 81
89 88
86 93
92 62
86 89
43 53
60 63
100 46
90 20
59 30
53 76
41 43
100 26
86 71
16 27
10 78
86 40
42 80
27 69
25 59
43 28
77 79
46 62
100 35
81 82
37 35
88 54
30 66
41 50
37 44
93 42
46 54
42 93
61 10
39 61
19 90
48 100
84 74
46 98
68 96
88 99
92 26
38 43
77 70
95 94
70 86
13 93
47 42
35 45
89 42
84 25
82 15
88 88
82 33
41 98
73 23
69 11
24 98
90 30
78 48
52 82
19 58
37 55
18 27
27 68
43 89
59 73
16 70
68 68
62 13
59 48
33 67
47 38
65 97
70 77
30 32
69 46
89 20
32 79
19 57
22 74
15 22
17 66
98 85
19 88
26 11
53 30
24 27
90 11
56 72
54 54
62 79
68 61
34 54
12 32
30 33
71 67
78 43
60 73
10 99
52 36
40 34
61 12
94 76
44 83
89 98
91 47
98 99
10 25
80 14
58 15
84 38
57 19
51 49
29 20
24 42
32 32
59 12
33 54
55 94
98 55
31 71
29 78
100 52
45 73
99 59
73 38
93 96
48 38
70 20
65 52
30 84
86 61
42 10
11 91
46 32
90 34
22 58
94 45
68 89
85 23
67 80
83 19
70 78
54 74
100 97
10 57
53 14
70 39
10 53
17 54
34 85
71 25
62 41
46 14
82 15
67 58
55 69
70 20
42 92
11 85
96 62
58 68
52 70
85 38
13 86
74 55
84 83
97 32
57 68
36 46
40 18
65 11
16 64
59 49
54 12
52 83
34 76
48 20
77 83
40 87
19 26
39 89
76 39
49 94
40 93
42 80
99 37
81 47
66 48
24 54
39 19
45 96
42 23
89 35
88 37
10 73
30 72
10 20
40 30
96 29
91 10
44 30
77 83
54 27
30 18
78 21
71 33
47 59
61 86
74 82
66 52
64 77
90 81
34 92
39 74
95 98
70 17
94 95
84 48
97 22
68 86
78 31
67 19
90 34
42 25
88 76
29 53
88 31
43 23
33 81
42 50
12 91
22 91
90 89
22 64
61 28
98 41
86 23
91 54
96 69
58 47
21 87
40 97
43 35
51 33
42 48
19 10
61 89
14 40
35 50
47 64
36 24
96 41
70 84
12 16
89 17
66 95
69 42
17 19
61 58
73 96
59 28
41 87
97 49
28 21
60 18
67 25
73 33
60 84
48 73
17 35
22 37
21 64
30 48
24 76
39 30
53 10
98 10
55 26
50 22
56 67
91 71
90 79
66 39
55 54
61 94
34 43
70 43
65 13
50 42
89 90
46 68
74 61
83 16
96 51
77 17
22 31
70 20
68 57
39 90
19 87
62 57
12 63
62 63
30 48
10 85
66 75
44 58
86 58
47 15
92 92
48 69
67 50
70 64
65 23
20 48
47 68
39 84
42 82
16 85
46 11
24 61
77 46
61 87
58 30
10 99
50 27
84 16
71 16
78 46
15 88
34 84
41 88
27668
59 10
80 19
49 79
90 97
90 89
72 20
96 54
99 13
68 38
16 56
44 96
65 76
70 30
16 40
94 45
96 89
94 44
64 84
39 24
55 71
23 87
31 51
21 20
47 36
50 84
17 86
29 33
82 78
17 61
88 46
29 99
67 38
24 62
65 77
76 93
11 18
27 35
72 48
28 95
70 65
91 87
97 51
20 85
44 64
47 21
12 46
31 83
13 90
62 66
42 68
54 35
49 69
63 95
71 51
26 20
56 72
29 56
28 10
70 90
51 45
52 33
41 38
52 62
74 10
91 99
22 94
87 55
80 83
81 61
28 31
54 84
19 83
31 90
99 58
15 85
52 38
94 50
80 26
26 100
10 91
68 86
59 44
77 43
15 69
95 67
96 94
44 33
95 100
41 77
27 27
37 54
68 94
58 12
50 58
58 68
11 48
70 40
90 22
64 30
89 45
40 51
46 57
83 41
21 61
75 46
97 20
36 25
27 32
77 100
33 67
22 89
24 72
42 100
27 11
82 68
59 52
35 55
83 80
34 21
40 79
10 10
55 68
43 38
83 42
68 20
95 64
62 22
68 12
73 57
16 67
92 90
95 11
64 90
39 92
57 19
19 15
57 69
91 59
11 66
15 52
29 16
52 58
99 31
83 49
50 49
64 78
83 96
30 94
88 82
22 59
38 63
79 86
93 61
10 51
81 41
64 74
48 97
29 30
62 57
35 46
84 26
86 95
11 88
82 95
59 20
58 25
67 61
38 41
70 67
58 87
43 51
93 42
55 34
68 25
19 51
19 84
77 62
25 17
58 53
35 81
21 18
49 65
40 76
19 26
47 78
65 10
15 94
45 15
48 89
93 29
96 68
68 21
11 40
66 42
39 45
69 38
82 88
62 12
80 39
75 30
46 36
34 100
41 12
45 61
58 94
99 44
76 97
91 97
42 83
78 59
34 99
97 47
35 13
72 72
21 98
94 73
10 19
49 14
93 31
68 99
44 12
69 45
36 74
73 80
22 26
49 11
78 90
67 34
84 73
47 77
95 36
78 90
31 80
90 56
30 14
46 99
87 79
54 99
15 91
56 31
77 30
29 35
51 64
51 87
36 29
30 70
38 50
23 72
33 90
74 67
68 74
94 100
89 18
73 60
78 48
78 45
10 49
93 82
95 63
78 88
28 78
27 58
60 76
25 90
68 75
77 30
79 64
26 84
44 68
63 32
51 73
61 14
63 68
58 49
98 29
10 56
56 98
82 32
75 54
43 70
29 36
87 28
43 64
42 36
95 52
59 24
93 89
43 100
80 54
85 72
10 67
96 44
58 48
45 26
84 19
89 49
13 47
46 20
25 48
49 63
68 16
80 27
11 54
10 83
38 52
20 75
14 18
36 88
78 15
49 26
22 90
73 71
61 84
43 40
65 11
92 33
89 74
86 26
33 22
39 56
95 30
81 28
34 99
36 23
37 49
85 33
47 48
30 44
56 100
34 64
17 97
59 52
35 25
17 45
87 18
71 56
78 90
70 77
28 67
30 78
43 75
57 77
99 24
13 27
12 81
98 50
41 53
16 32
39 30
33 66
94 96
66 11
17 29
10 41
14 22
43 35
57 19
28 72
51 19
52 93
27 92
51 76
78 23
48 20
69 50
82 56
16 52
82 90
42 51
97 44
25 99
21 99
35 23
79 22
30 65
77 10
17 51
76 39
18 51
30 45
92 16
93 21
49 36
18 10
20 69
74 85
13 37
14 64
21 24
34 77
44 94
12 42
44 38
53 44
20 66
43 79
14 87
93 61
60 67
92 42
62 32
68 14
91 80
88 79
60 40
19 22
62 48
96 88
35 66
64 41
65 46
72 42
63 31
66 34
14 85
96 58
36 54
93 50
75 21
12 76
75 87
20 47
14 49
26 25
24 59
79 67
10 33
65 49
68 29
40 70
58 96
42 97
91 85
35 80
55 30
94 16
58 30
53 74
13 51
81 83
41 70
95 16
66 40
73 28
48 24
46 78
41 17
26 77
72 70
70 62
15 82
56 48
36 55
95 89
78 94
29 80
57 84
76 49
55 81
58 54
46 44
32 28
14 53
26 56
20 24
16 19
49 16
61 26
87 43
75 71
65 83
100 92
10 66
73 99
12 53
92 27
15 44
96 32
90 17
62 79
91 51
73 46
43 64
51 19
28 63
39 90
70 35
80 56
46 38
52 99
48 85
17 32
77 38
30 99
52 83
75 21
38 71
88 91
27 94
87 91
60 33
22 72
10 13
62 95
10 73
77 91
13 94
74 38
75 33
96 20
10 23
27 95
65 62
62 44
37 75
73 27
30 14
55 90
13 35
94 32
70 91
53 62
57 16
46 38
64 95
30 26
69 97
24 28
48 18
87 98
22 80
60 65
41 64
71 99
19 75
26 98
17 37
10 33
11 31
25 94
76 84
17 75
95 10
39 82
92 66
62 22
68 29
38 26
92 58
49 45
20 12
73 67
80 20
82 84
31 49
42 49
20 20
53 29
53 27
34 75
41 30
98 57
75 21
59 13
13 84
10 50
100 89
13 26
77 59
49 32
95 18
23 37
52 18
37 55
68 48
88 96
24 30
20 87
34 47
57 93
63 64
52 74
38 62
41 49
10 71
85 66
75 80
86 75
85 79
66 68
50 94
82 54
86 53
62 28
86 29
91 94
44 27
31 23
47 24
15 82
92 62
95 84
97 33
52 67
31 89
70 86
44 17
58 94
86 55
70 73
66 83
94 79
82 21
34 95
88 47
75 84
59 37
76 58
66 89
11 10
55 92
96 22
35 78
64 10
68 58
93 25
22 28
93 71
22 65
98 31
82 25
18 61
58 40
84 10
64 15
54 60
28 96
34 35
92 31
87 43
29 51
33 39
66 95
60 73
21 19
79 97
93 56
36 28
95 39
33 36
85 34
53 12
34 92
94 33
76 11
52 75
27 43
63 56
18 25
99 37
18 19
17 55
85 66
16 78
100 51
28 99
79 85
59 100
49 74
63 81
31 76
24 90
73 99
69 23
76 91
80 44
88 52
82 60
65 80
72 78
40 39
77 63
98 15
100 49
72 94
39 73
98 70
71 76
37 58
79 53
24 94
46 29
70 78
86 90
19 31
59 73
88 74
73 76
14 80
91 33
54 22
95 84
27 92
99 34
17 57
60 74
86 18
58 82
42 47
59 42
66 94
31 14
54 96
75 46
33 68
80 80
78 30
77 67
28 51
12 34
23 72
61 47
74 66
91 76
14 45
54 19
44 31
84 36
97 83
75 45
99 97
58 58
62 39
77 17
89 26
60 32
12 22
86 12
16 27
37 34
50 24
15 35
65 41
46 56
41 97
44 57
61 68
17 33
97 67
65 48
22 46
80 83
99 33
91 57
67 99
38 44
16 22
84 52
99 25
79 94
63 98
28 98
95 99
97 76
15 86
45 60
85 75
13 31
90 45
20 16
66 53
56 57
54 90
61 90
56 75
17 64
88 91
30 62
16 94
63 56
48 86
76 35
19 78
22 96
34 14
20 90
54 34
11 62
69 65
84 85
73 66
94 29
94 86
30 91
77 80
11 74
33 61
14 91
39 83
52 79
82 31
40 51
67 96
30 87
46 13
95 63
55 96
19 37
50 54
57 92
100 26
78 50
66 41
72 30
81 89
64 54
52 24
71 22
44 52
56 76
17 78
47 46
77 29
94 97
15 13
89 75
77 60
62 69
19 38
79 72
50 64
51 26
16 31
99 84
28 48
31 87
53 43
89 48
46 57
78 68
48 15
15 65
70 56
17 78
32 99
44 79
99 56
33 59
25 91
14 70
81 70
88 29
40 83
13 36
23 58
22 36
69 23
26 63
34 18
57 65
98 63
73 99
13 84
13 79
76 14
62 46
80 66
75 48
97 32
97 45
42 77
96 63
34 52
59 78
77 64
71 14
94 41
95 16
20 59
60 57
71 87
22 39
15 71
67 52
44 81
25 69
16 52
28 70
38 89
42 98
69 58
29 26
18 59
74 17
50 47
13 59
62 24
70 10
62 73
85 70
87 35
80 59
34 73
64 23
15 31
86 48
66 48
50 96
80 31
64 12
18 65
24 43
90 60
74 37
83 45
18 41
64 50
13 40
55 24
96 14
23 21
78 28
92 43
43 98
40 89
33 62
91 71
85 26
60 44
67 59
45 67
21 62
87 95
82 48
51 65
54 77
42 63
97 80
33 32
67 21
76 62
27 54
54 44
40 48
76 52
73 46
95 25
93 36
63 99
45 68
92 15
95 10
57 70
94 93
72 48
69 96
12 47
58 72
31 94
37 66
27 44
10 43
46 22
76 59
75 56
85 38
96 25
79 18
51 48
58 78
96 82
64 30
94 19
49 45
19 10
40 34
49 10
99 23
99 41
68 16
29 100
61 100
50 50
20 35
56 12
32 69
49 65
87 91
57 15
13 64
63 55
22 43
99 18
82 35
29 95
47 43
52 24
85 59
73 22
73 98
