4 750
20622.5
46 25
62 32
46 57
99 93
12 84
75 53
15 36
68 16
22 20
36 53
55 90
67 69
76 38
19 12
67 47
38 83
98 74
99 24
31 71
79 52
90 76
61 46
68 34
42 40
23 72
84 89
25 67
92 88
52 69
92 12
61 89
16 71
34 57
13 78
52 55
97 82
86 17
83 65
89 99
33 46
30 27
24 48
77 91
61 63
93 87
41 51
37 46
34 22
37 40
14 14
54 67
42 73
59 28
70 43
61 77
92 31
24 47
67 39
63 99
93 11
46 56
53 82
77 67
43 76
96 57
30 69
75 62
19 78
23 21
32 56
68 65
47 56
79 30
28 90
95 56
41 25
14 96
32 35
52 25
44 45
75 11
40 25
28 50
36 24
69 75
40 82
42 65
98 88
50 96
52 74
70 23
65 76
87 60
38 98
76 27
40 22
88 83
96 83
63 26
84 17
93 52
57 60
14 27
24 42
48 100
17 50
49 30
63 13
36 10
24 64
84 86
83 56
63 51
57 37
55 57
39 36
33 72
14 95
69 100
77 24
59 23
26 58
60 79
62 34
90 24
92 66
45 69
21 87
58 38
26 66
31 96
100 44
98 38
97 83
88 93
71 90
60 25
82 95
43 61
95 48
66 30
49 51
17 45
57 33
50 53
70 17
77 60
96 57
24 27
19 88
29 89
28 11
91 69
67 56
59 26
51 19
49 64
56 22
41 23
89 77
53 86
77 98
84 36
12 97
60 92
98 51
86 69
12 88
75 75
28 90
93 13
12 90
94 12
55 31
22 96
81 77
83 87
67 27
20 97
84 35
55 77
88 83
80 50
71 53
94 47
70 46
88 22
85 80
53 25
59 49
41 57
74 78
21 14
47 57
72 96
68 22
46 68
81 70
71 53
46 46
36 45
19 18
53 33
40 78
34 56
60 98
67 56
76 89
17 47
20 33
82 48
52 90
32 49
70 85
11 71
21 42
26 22
24 84
75 14
41 55
12 23
40 88
28 10
70 88
99 94
27 81
18 47
40 63
71 72
90 75
22 59
79 44
84 89
43 19
30 85
68 54
59 19
27 95
32 27
33 51
87 12
16 16
24 49
65 91
33 71
87 35
86 64
72 55
27 66
96 50
42 63
64 82
16 95
36 58
55 64
91 92
62 15
87 65
28 15
83 60
35 55
56 63
92 85
36 66
86 20
91 75
43 26
50 55
84 18
56 21
77 90
72 52
64 33
41 16
37 57
88 73
75 84
86 27
86 35
57 18
35 77
92 92
15 24
30 24
59 80
71 67
21 36
63 89
40 47
30 65
32 69
70 47
35 33
24 62
77 44
22 19
77 82
51 51
18 92
50 33
99 83
20 89
89 83
19 81
78 22
87 20
55 32
80 62
52 11
92 78
76 77
69 82
26 35
89 89
98 48
75 95
55 92
97 40
78 24
68 65
72 79
34 50
49 70
48 80
56 33
23 84
48 37
38 86
16 86
12 24
74 59
21 18
26 49
28 40
45 96
51 55
80 39
47 88
19 23
90 28
56 75
58 34
44 13
34 72
21 96
76 22
45 90
76 58
91 70
48 87
25 41
41 26
31 83
82 75
23 64
87 94
19 94
81 56
67 58
14 66
44 90
45 39
52 70
34 60
31 39
26 65
15 41
12 37
28 80
86 98
23 82
92 79
87 16
10 77
40 28
44 60
72 67
38 28
52 13
12 44
72 35
59 33
98 74
87 41
53 53
64 35
47 10
53 39
93 45
46 77
22 25
49 42
94 85
50 81
56 85
36 97
34 85
42 93
52 98
86 34
62 14
98 18
97 67
51 85
48 56
76 44
58 45
32 51
49 12
54 89
62 52
99 88
84 27
55 78
97 51
17 16
82 48
63 61
67 61
83 39
16 15
53 88
73 41
50 20
46 53
14 15
27 55
89 73
20 27
29 51
59 15
17 35
32 26
83 84
87 45
18 80
39 27
99 43
59 50
83 33
78 18
27 84
88 85
50 57
49 66
79 56
98 57
29 45
70 60
75 54
100 68
69 59
54 24
35 88
94 97
42 76
29 62
10 97
68 32
79 42
92 83
13 35
87 54
73 40
79 78
17 96
99 57
55 10
52 61
25 94
28 64
31 88
31 51
29 61
58 51
82 78
45 84
73 85
68 14
48 10
67 64
68 56
67 86
53 27
16 12
32 12
69 25
30 17
88 100
27 20
21 76
40 22
60 75
26 78
35 36
15 29
61 80
81 18
61 56
24 89
82 88
68 31
31 90
77 36
32 100
44 98
93 19
83 91
70 27
65 73
68 14
80 14
34 54
45 50
93 82
95 80
99 96
62 48
63 96
22 25
89 47
62 23
95 45
38 74
10 54
100 86
43 69
11 84
29 86
62 98
86 98
79 99
45 33
84 39
41 27
38 36
37 63
63 62
21 26
12 42
35 93
95 38
88 53
46 45
89 87
82 93
100 10
64 72
12 35
83 39
61 41
25 90
68 72
86 78
26 84
47 35
34 42
84 91
18 63
77 36
22 91
51 34
13 52
97 71
26 33
98 61
31 83
16 89
88 86
69 22
53 32
13 70
37 45
99 12
89 58
49 90
10 57
76 62
29 96
26 50
37 31
36 91
20 60
53 15
72 69
100 64
32 52
12 42
45 56
20 99
99 10
53 35
91 70
40 57
52 58
33 35
25 14
55 98
72 57
33 13
57 68
59 26
34 94
54 29
61 88
11 81
63 34
92 56
29 38
93 22
69 28
26 41
71 21
31 32
23 48
23 86
55 13
89 50
29 100
95 46
35 36
21 35
87 19
28 93
92 12
95 56
35 69
46 39
37 88
80 86
48 59
77 59
69 89
12 61
61 79
98 42
15 61
65 94
69 56
90 19
91 16
40 33
69 38
30 91
33 35
16 65
36 14
41 97
65 77
29 88
54 96
77 84
98 16
37 96
55 91
15 19
69 66
27 97
75 50
84 30
69 22
20 28
29 87
88 53
86 31
14 93
77 28
21 61
91 95
95 53
73 56
68 78
65 63
89 68
43 99
98 54
11 11
33 12
44 61
23 38
47 53
97 51
24 85
95 100
54 18
99 32
59 45
30 67
69 48
93 44
16 52
32 41
16 20
90 38
72 60
60 65
44 56
43 84
12 88
58 28
13 27
53 73
71 41
25 26
77 60
38 88
23 53
98 52
97 60
15 91
12 97
66 100
56 17
10 13
50 25
27 41
70 67
51 31
75 71
77 55
43 15
12 62
64 26
35 26
68 16
53 38
74 66
17 11
12 55
88 15
59 36
78 86
42 65
56 82
19 84
70 54
86 86
55 73
23 62
99 45
90 31
80 23
15 37
87 82
30 32
29 39
81 59
14 32
66 13
21 27
20348.5
91 81
72 69
31 55
40 30
47 29
55 18
38 39
35 51
10 25
53 52
10 25
43 23
66 12
60 76
91 53
54 87
86 35
19 56
45 36
43 76
61 77
42 71
14 41
93 22
27 61
19 75
25 92
46 79
29 56
39 35
37 61
44 24
74 73
28 12
92 44
71 90
81 21
62 53
16 22
63 83
24 34
84 12
98 14
86 98
51 64
46 51
72 32
66 23
64 59
79 21
96 68
78 78
80 53
97 68
25 24
80 96
25 90
40 61
84 79
48 30
10 67
44 77
73 54
68 49
88 67
44 52
67 71
14 38
100 44
99 82
87 86
79 65
17 87
30 53
46 18
21 12
35 61
89 35
73 96
52 72
21 80
68 43
84 75
57 32
84 39
30 73
49 13
65 78
65 35
77 49
59 77
17 36
52 42
14 14
80 25
17 22
26 46
49 91
15 11
19 17
37 65
57 59
85 74
23 18
44 15
87 91
74 19
11 11
45 50
74 72
89 22
27 87
23 95
85 13
67 40
54 17
17 98
84 46
74 31
91 85
48 80
43 12
99 51
40 75
71 36
79 78
57 86
23 51
34 29
42 41
65 35
93 12
85 35
68 16
80 15
25 32
85 86
85 13
41 89
49 74
95 89
55 27
27 10
28 67
48 24
53 23
89 24
59 86
79 82
37 20
11 16
15 24
31 52
48 57
55 92
17 17
21 13
28 17
93 90
35 60
12 22
36 62
87 28
23 82
92 93
97 83
71 24
32 38
31 49
23 93
93 19
24 68
21 44
82 13
71 76
94 38
62 52
75 64
94 25
54 22
18 52
47 28
47 80
37 19
90 38
95 60
77 75
18 16
84 19
97 64
95 59
76 64
16 22
39 73
21 68
90 91
78 28
28 18
76 40
61 58
29 72
18 51
82 69
21 62
42 41
26 84
37 84
73 99
50 90
64 39
42 12
35 74
41 59
73 19
84 77
15 69
99 53
95 35
99 76
26 48
15 12
65 67
68 18
89 77
30 34
71 51
99 41
80 21
66 68
92 57
71 88
57 14
59 77
63 60
62 42
21 29
78 60
37 86
100 48
94 87
79 52
39 21
58 67
79 35
61 50
77 35
19 30
67 26
34 95
76 57
83 83
43 68
19 36
89 76
94 89
20 25
17 61
32 90
13 34
75 26
75 68
73 42
67 23
62 13
13 59
92 26
66 97
16 23
60 44
86 61
85 96
87 24
26 30
89 19
20 69
73 54
29 75
17 26
53 56
50 69
60 79
33 35
74 66
37 69
27 58
37 29
88 25
87 11
54 21
42 92
55 98
68 65
28 91
19 20
63 35
14 66
43 40
96 29
59 37
80 10
97 49
33 43
77 62
91 97
55 36
57 25
54 98
18 97
49 22
52 25
82 97
89 44
60 92
76 40
28 22
10 98
53 40
49 60
32 30
37 61
28 97
10 46
23 46
43 34
52 100
88 22
53 72
37 16
27 97
13 65
73 20
30 67
36 35
38 81
81 73
45 54
55 72
33 14
29 51
76 41
54 98
58 72
99 79
34 54
10 61
33 74
74 11
38 31
42 23
11 17
38 46
12 89
90 16
38 32
35 37
83 65
63 34
53 93
37 73
61 49
49 69
30 26
71 32
22 60
70 49
61 29
85 61
78 89
81 52
27 86
70 82
40 43
59 93
72 20
20 26
94 26
68 79
82 34
75 21
15 31
95 60
61 41
90 13
25 29
37 69
45 49
46 51
80 56
96 53
73 94
10 62
51 98
60 34
60 13
89 58
40 51
47 50
57 92
93 55
37 50
29 59
53 52
39 78
15 78
95 57
75 97
26 71
26 67
16 48
76 14
79 31
16 58
48 17
70 78
100 40
28 76
29 67
49 95
100 72
19 55
67 14
96 52
69 54
13 83
65 97
27 94
88 74
90 22
84 94
100 51
17 71
45 25
55 25
21 75
78 31
58 20
85 27
23 58
24 56
57 94
30 71
93 84
31 20
36 84
25 31
11 64
69 66
51 56
36 19
43 60
70 87
74 41
10 62
98 100
29 96
94 21
13 86
32 88
12 59
50 18
95 34
45 35
28 62
54 35
37 32
54 67
48 99
66 14
45 71
70 41
15 91
34 39
74 64
60 64
77 64
49 93
38 75
27 45
76 26
37 82
35 16
54 27
73 74
39 66
24 69
42 93
69 20
44 23
82 81
84 78
97 87
99 20
24 23
50 72
38 51
81 100
49 86
44 18
82 83
41 39
13 51
79 81
78 25
76 94
44 25
80 41
72 55
59 32
19 97
75 63
46 40
24 71
96 61
84 99
83 94
12 24
52 80
63 80
94 40
68 97
49 10
93 50
12 61
40 82
67 23
70 30
45 59
71 52
61 13
16 12
42 52
52 65
89 10
26 42
42 67
31 99
85 51
65 85
64 67
41 76
89 53
40 64
49 44
37 54
98 77
52 61
34 56
53 49
20 44
50 89
11 88
38 80
91 45
83 95
85 32
43 87
68 71
80 34
51 19
64 86
55 93
70 48
70 87
84 65
21 92
45 35
75 57
35 71
84 55
42 17
89 74
81 82
80 96
62 75
11 67
16 38
27 60
57 17
64 17
71 28
44 28
54 63
98 13
54 80
75 22
64 26
77 86
94 96
48 45
42 26
54 57
87 41
91 52
37 13
11 66
34 91
16 75
20 32
98 31
18 17
29 47
88 13
20 61
70 41
95 85
19 59
11 38
94 37
33 17
22 42
52 58
42 21
41 73
38 55
71 20
77 26
80 29
36 16
42 24
83 82
26 82
90 58
47 17
90 20
62 77
94 95
22 71
67 24
11 13
95 52
99 12
16 46
65 29
49 61
76 99
88 92
85 64
49 50
49 84
19 60
90 42
44 41
27 69
56 96
46 49
55 89
33 47
43 100
73 77
10 60
21 97
11 99
24 45
29 62
37 16
93 37
27 80
89 97
40 80
98 24
99 39
46 43
78 26
67 88
80 93
19 65
32 84
24 21
52 99
39 77
29 42
17 52
89 50
53 96
33 33
90 31
81 87
75 30
65 30
70 64
32 65
92 49
53 99
32 30
68 86
74 84
18 79
45 13
51 64
15 19
25 82
93 56
52 17
32 55
41 14
18 64
52 61
17 20
22 86
66 89
29 45
29 100
52 33
25 99
11 46
41 22
26 15
45 78
67 72
58 99
73 87
17 11
33 11
20 78
97 25
49 35
80 67
24 63
78 51
72 71
31 47
77 35
12 49
48 81
53 12
95 29
72 86
80 85
44 31
37 94
80 82
89 58
36 42
79 58
12 90
77 46
89 27
36 76
48 96
87 21
27 45
61 61
54 70
89 58
37 94
73 39
17 24
59 71
79 34
18 51
20450
31 57
17 29
30 10
95 44
59 52
40 87
47 63
23 98
84 91
16 62
35 92
100 18
90 55
95 14
88 60
71 84
11 46
23 84
38 95
37 79
57 67
25 97
79 50
42 39
20 82
52 23
27 52
73 25
29 82
30 18
12 40
20 82
63 24
15 87
11 69
75 34
21 78
55 36
52 46
54 22
63 56
38 27
87 76
24 52
77 87
60 92
33 48
56 41
36 26
69 54
98 77
49 17
94 11
26 16
55 60
73 71
44 75
35 35
75 65
43 28
87 100
60 40
63 39
87 99
86 75
82 88
55 38
42 92
37 17
86 75
81 89
69 24
22 11
91 79
95 70
13 92
92 53
69 90
75 60
83 39
94 60
80 62
76 57
96 66
24 81
82 14
74 19
97 24
40 68
55 92
63 44
76 44
68 41
25 99
87 90
85 52
89 50
87 32
48 10
79 39
54 38
22 89
67 70
16 45
37 67
25 51
32 84
76 41
85 37
24 66
36 46
29 49
91 83
82 23
23 43
91 37
74 80
86 65
68 75
96 26
13 87
73 25
46 93
97 53
92 86
22 69
95 60
86 76
75 78
48 37
40 81
27 39
22 16
36 45
41 33
56 45
30 73
62 52
48 29
36 86
10 19
76 76
49 74
51 89
18 25
22 53
18 45
41 16
99 87
21 35
48 98
28 11
42 61
16 47
23 25
18 61
29 23
27 28
26 81
46 12
42 81
97 27
25 77
77 85
85 44
27 100
18 36
47 54
76 55
38 96
34 96
83 29
11 68
51 13
33 87
92 30
63 95
16 81
28 56
50 80
52 78
54 95
44 45
40 31
42 41
12 73
39 36
36 49
97 18
30 17
72 27
14 95
75 91
87 20
60 96
48 85
18 80
68 38
19 28
67 25
98 46
85 18
50 99
49 42
28 74
11 98
13 47
43 81
50 57
95 18
42 93
35 49
71 32
94 18
77 50
92 21
10 30
94 34
79 37
63 21
74 50
17 22
80 40
54 84
97 53
45 24
40 38
52 25
33 34
56 100
63 65
58 80
80 71
53 15
85 45
26 35
24 22
45 50
100 94
47 15
51 22
28 67
20 65
98 98
24 25
26 54
69 79
64 34
34 62
26 26
29 25
30 51
97 27
65 91
69 76
32 23
85 73
93 50
13 99
84 85
88 63
68 86
78 95
89 80
29 54
68 14
99 30
43 88
36 75
42 14
44 15
68 56
73 18
18 63
33 66
67 32
43 37
31 89
47 93
99 11
18 74
14 80
39 94
24 50
17 85
79 21
61 94
11 35
54 89
86 38
65 14
83 76
54 62
98 40
98 93
27 63
35 32
62 28
82 54
92 11
21 35
84 42
49 27
69 51
31 72
18 19
64 94
43 34
78 52
78 75
44 41
70 74
62 10
96 12
95 84
68 11
79 42
38 59
82 51
48 72
89 50
55 89
70 55
42 73
54 87
32 34
45 14
23 65
88 34
85 68
94 46
13 67
23 58
67 23
38 98
13 43
97 24
56 50
86 70
43 85
77 49
84 90
61 73
36 96
68 63
39 34
74 72
65 10
36 59
19 68
54 89
100 76
88 59
38 37
99 39
75 84
43 51
48 37
27 81
36 34
15 88
62 74
17 81
80 75
81 38
72 23
47 95
51 70
86 89
75 71
75 92
62 91
93 14
17 100
39 49
43 99
29 93
40 60
54 63
40 46
25 28
19 37
95 81
41 83
71 48
57 67
33 70
85 91
78 100
38 21
72 76
36 13
85 35
28 37
17 87
33 24
66 46
80 82
78 65
51 74
97 25
16 98
93 64
27 51
80 98
58 69
87 27
68 32
44 29
55 23
93 76
93 17
12 10
15 12
37 69
25 49
10 62
66 36
41 60
11 90
97 39
83 39
16 49
80 32
20 75
30 89
60 57
62 88
18 68
79 10
74 63
71 12
26 32
93 71
27 91
39 46
74 23
10 63
48 55
75 41
16 72
23 25
71 10
41 94
29 88
86 66
95 10
93 11
15 26
88 29
81 12
28 77
57 39
82 64
70 45
38 53
96 67
86 48
40 94
90 75
64 85
67 44
60 36
69 98
56 49
72 72
37 79
24 65
39 41
47 45
30 88
16 50
29 83
60 83
61 57
87 99
33 59
36 70
12 54
44 100
83 58
62 70
47 11
60 39
95 71
98 73
60 32
51 96
33 36
46 28
21 15
43 69
77 74
10 61
48 49
22 98
100 10
62 40
92 41
68 100
10 44
54 88
65 89
44 21
91 88
28 35
43 40
54 23
62 88
44 88
77 66
17 71
19 10
34 87
13 78
34 65
70 34
42 30
17 56
89 25
12 96
52 39
62 15
92 67
11 24
100 32
61 47
76 53
67 38
18 91
88 55
97 64
25 96
22 66
65 95
38 88
15 99
45 63
83 53
37 35
85 62
94 92
40 96
59 63
11 82
25 95
32 32
39 49
35 80
82 87
55 68
26 68
40 94
20 12
62 86
87 69
80 93
32 100
30 96
95 94
43 74
56 39
86 55
33 31
53 89
27 42
68 86
51 88
73 60
54 20
52 11
59 34
39 56
78 45
25 10
61 28
53 34
75 13
94 51
85 81
22 25
13 35
97 39
99 69
16 51
91 47
73 66
18 49
70 81
81 71
76 43
42 71
21 41
33 85
64 26
71 81
42 13
69 73
86 92
43 79
85 97
83 97
34 98
24 24
74 57
70 19
40 33
71 82
60 67
37 39
70 54
11 64
85 12
21 24
76 10
90 76
32 94
24 76
84 30
100 16
15 55
42 86
21 44
68 31
96 58
66 74
82 83
28 40
34 32
33 34
51 84
71 90
43 38
77 33
89 46
53 79
30 31
68 69
18 46
46 87
33 33
19 18
40 38
10 79
83 40
73 29
97 36
52 32
84 64
28 10
63 96
49 50
48 97
98 20
81 52
57 90
94 78
18 15
36 30
100 70
69 20
92 93
81 24
10 71
33 19
76 26
10 40
43 19
63 66
56 68
73 91
49 74
46 57
73 40
58 19
71 28
61 87
84 17
20 76
44 69
91 78
43 68
76 67
63 52
44 99
35 37
100 35
43 31
85 13
90 22
70 66
27 79
99 68
49 20
99 34
90 58
70 56
11 95
43 78
17 10
30 44
17 86
48 34
46 13
18 57
33 40
14 87
48 93
51 36
28 45
29 84
34 38
34 78
20 63
14 46
65 12
38 27
38 10
79 28
99 60
79 91
48 94
79 93
90 48
96 56
70 74
35 93
13 93
41 88
97 76
78 87
76 47
56 44
25 96
50 17
85 11
37 76
41 34
70 67
20 76
24 62
83 81
61 21
72 78
21 81
66 25
35 40
64 14
71 64
81 83
20989
62 88
95 34
77 56
97 79
39 36
28 84
79 60
56 26
99 57
18 23
53 49
97 61
95 64
46 38
13 40
85 54
12 94
48 21
99 40
15 33
16 40
14 58
13 41
53 17
44 30
29 34
33 36
50 47
15 46
73 55
96 83
69 60
56 80
86 93
74 30
13 77
15 80
30 68
19 60
89 43
32 78
55 86
10 59
53 85
61 20
21 61
41 21
69 39
40 45
72 91
26 77
15 59
13 30
28 43
71 58
98 85
95 62
53 43
86 44
93 68
28 80
92 28
78 79
84 84
83 59
26 87
65 39
93 100
72 33
18 98
35 40
63 93
46 97
14 24
77 59
69 59
45 36
16 15
81 51
79 97
76 89
35 58
86 26
49 26
35 27
79 19
48 86
29 76
53 82
22 50
71 54
34 97
41 39
53 31
53 31
14 44
82 71
70 56
57 22
12 91
92 97
91 64
99 70
45 48
68 90
29 82
90 63
12 100
24 39
50 86
89 27
85 27
45 13
88 70
94 92
77 54
51 49
83 72
89 21
24 60
26 55
77 86
88 93
100 58
43 38
45 54
60 98
31 73
65 82
96 31
39 87
61 47
59 89
79 57
63 44
35 64
23 90
71 100
41 21
92 36
66 26
30 75
15 14
84 66
54 45
10 72
53 32
25 56
45 82
50 93
45 28
58 83
34 20
97 28
34 85
46 60
96 64
76 81
61 81
25 62
66 37
69 61
10 92
12 76
28 20
80 64
58 33
16 22
20 74
18 27
16 45
71 57
48 91
59 67
98 100
61 95
43 56
34 95
44 57
36 54
83 55
85 91
68 82
30 32
12 27
39 72
18 73
76 25
80 35
78 13
96 54
92 76
87 85
32 87
67 53
83 25
81 62
99 87
44 13
72 71
100 82
91 91
22 68
59 11
47 66
61 55
11 68
87 85
21 91
39 85
77 100
35 61
51 54
16 41
99 85
21 62
72 47
57 88
21 79
61 64
64 54
58 36
27 82
13 79
78 97
50 58
26 99
21 76
92 46
69 21
60 70
88 91
82 74
92 52
45 29
14 94
39 36
38 40
62 88
73 92
20 20
85 90
51 15
57 98
100 89
22 44
93 96
11 43
56 22
24 24
44 24
22 90
28 21
23 45
83 67
70 41
43 23
84 96
66 68
43 69
37 67
76 41
66 74
56 48
89 99
59 38
10 44
58 30
86 97
97 96
39 59
83 89
56 71
34 47
58 90
44 86
29 74
39 82
91 98
93 46
70 15
84 97
91 46
86 47
34 40
69 36
36 80
58 23
21 15
98 76
87 79
12 20
86 32
47 51
100 29
58 14
49 19
60 90
78 59
32 40
72 78
68 38
61 37
18 53
61 31
36 95
14 81
40 31
90 10
64 65
55 77
55 33
46 68
15 72
74 80
93 23
61 28
25 87
100 91
52 93
17 22
62 22
12 60
38 43
16 46
91 45
24 77
79 45
67 80
51 70
74 90
65 39
67 68
46 45
97 11
51 34
60 31
61 87
79 28
69 53
67 83
26 76
25 15
80 68
97 52
58 77
71 43
96 45
87 72
92 19
61 97
46 33
63 98
24 65
96 57
76 46
81 20
19 17
67 39
12 13
88 52
99 95
91 68
16 41
37 77
45 97
83 60
66 100
69 36
70 56
92 34
67 74
36 22
12 99
39 79
57 37
65 19
89 66
83 77
17 28
76 89
98 91
44 67
25 83
88 10
44 62
79 79
53 59
83 45
32 50
89 59
31 85
28 67
60 28
38 34
87 67
69 11
70 19
73 67
69 37
21 88
23 53
41 39
84 15
63 14
49 41
63 62
68 86
55 13
78 74
18 98
81 89
23 82
39 18
99 81
65 35
17 11
87 54
36 74
98 99
77 32
49 35
48 40
28 32
13 94
94 91
84 100
39 34
31 63
42 71
25 13
36 94
22 62
73 96
13 72
39 80
27 67
52 72
35 41
95 94
100 84
66 43
65 50
48 60
65 52
25 76
85 24
67 45
59 41
22 81
69 60
70 79
54 89
72 69
76 57
79 20
49 98
80 42
62 25
91 52
83 49
67 61
61 69
41 48
14 97
96 61
11 66
71 92
92 97
22 14
11 80
37 26
23 23
22 14
32 54
34 41
14 11
67 70
53 68
10 77
49 71
88 84
80 75
83 18
62 19
34 58
30 76
93 12
81 15
53 27
41 96
94 47
28 70
64 84
49 25
83 58
96 54
46 72
32 48
28 80
45 12
65 36
29 76
64 40
47 36
12 35
19 47
88 55
16 49
84 85
37 91
74 10
98 43
72 19
65 37
80 26
93 28
24 69
54 95
46 73
25 100
86 68
37 81
85 31
17 40
34 24
35 45
44 100
27 87
73 66
79 52
31 47
52 91
100 45
39 17
79 20
85 20
73 33
97 52
44 21
50 88
80 18
79 89
49 95
47 25
29 93
32 84
98 21
19 20
64 15
94 79
12 76
98 25
38 23
45 84
80 28
17 45
85 73
68 35
18 35
12 56
57 98
51 13
26 10
81 61
42 18
94 47
52 24
80 92
95 73
95 95
27 51
87 21
74 54
53 32
33 20
16 60
95 81
59 52
74 34
16 84
60 69
12 27
83 87
42 36
72 30
63 54
42 49
25 99
42 25
89 43
75 36
60 100
48 16
49 39
44 85
23 19
91 61
52 83
75 10
45 32
42 81
16 19
78 58
22 58
69 97
96 91
88 38
21 17
69 23
64 54
44 64
38 50
28 46
37 87
53 77
57 69
48 29
80 13
79 12
89 22
100 73
63 72
19 56
21 88
99 32
63 74
24 99
32 66
78 53
42 85
37 61
96 90
44 14
27 39
47 78
10 100
75 34
56 61
30 17
82 28
78 41
43 33
42 42
70 16
71 21
37 75
13 12
84 16
31 57
18 85
53 36
15 92
82 18
20 91
13 79
93 75
87 16
86 52
87 76
88 22
89 99
30 44
20 36
71 21
80 89
44 95
52 15
27 59
13 43
69 14
22 22
33 65
11 93
79 18
100 76
91 76
97 81
45 47
21 46
34 92
70 74
55 10
73 30
43 31
91 37
20 85
66 65
26 12
74 93
42 93
88 18
71 65
46 85
53 29
14 11
87 74
24 71
66 18
41 80
39 27
76 44
100 25
53 27
91 84
13 21
84 28
60 95
79 46
44 43
19 86
78 55
39 75
39 16
82 10
10 29
60 43
51 29
91 39
51 80
27 46
11 32
99 36
66 33
54 32
68 19
60 30
92 34
66 13
13 87
91 27
40 11
31 24
93 99
94 76
11 95
83 32
47 63
52 100
60 10
95 22
86 70
89 80
85 18
25 24
88 99
29 99
63 34
43 23
56 73
