3 100
2788.5
85 27
12 95
15 67
17 75
37 67
86 57
37 22
87 96
89 52
20 16
65 54
48 41
70 17
89 31
70 93
24 30
99 20
56 67
92 10
85 86
59 69
57 36
94 89
29 100
60 32
43 13
67 54
18 53
25 29
15 93
38 75
99 44
89 98
46 93
40 94
27 88
42 39
44 43
95 86
44 33
93 10
70 99
75 73
62 89
100 20
77 13
10 89
96 39
10 11
20 20
98 83
82 99
92 62
28 44
58 27
23 40
65 89
20 26
66 43
79 71
55 65
22 14
41 51
21 73
47 89
44 34
82 61
90 32
94 51
82 87
48 100
95 71
19 54
51 52
96 53
52 89
89 43
41 56
63 42
47 72
92 43
34 20
98 23
54 44
96 28
42 12
51 96
21 59
71 49
42 49
19 63
15 89
11 80
22 46
76 44
50 43
14 73
77 20
11 100
64 93
2667.5
32 46
25 81
89 73
68 77
38 77
22 60
98 40
73 32
74 24
94 56
50 65
60 58
34 14
59 74
59 71
55 20
82 89
14 96
82 47
26 23
69 61
83 13
60 85
40 11
24 34
19 57
42 56
97 89
73 36
21 81
57 10
78 87
54 61
77 87
26 12
31 98
32 62
41 69
35 17
63 11
79 94
67 70
65 76
43 64
10 98
76 29
19 96
31 17
88 97
60 83
72 52
25 58
33 37
24 31
58 72
12 95
25 40
37 28
43 95
49 76
13 58
29 48
89 15
83 19
24 46
70 87
59 29
84 85
80 91
77 99
50 21
70 23
33 90
64 83
27 74
65 26
95 93
46 78
35 73
93 36
43 84
13 53
12 53
95 40
47 42
25 24
70 76
53 88
42 49
90 26
76 100
89 54
93 27
68 41
57 89
22 60
42 13
25 45
94 30
21 76
2571
73 55
23 79
98 28
23 80
66 61
14 70
24 77
33 93
82 82
32 74
63 55
30 81
69 77
65 65
90 39
58 11
83 80
40 34
52 56
22 57
12 83
96 30
61 61
30 64
26 24
25 71
21 16
22 40
62 13
41 35
43 35
34 22
83 37
13 20
42 92
69 71
25 35
14 84
65 91
32 29
40 52
12 35
62 91
46 55
10 24
47 10
47 34
91 95
37 27
46 63
51 70
58 21
45 92
75 18
90 90
48 48
53 51
34 80
29 18
43 32
92 73
46 35
94 51
99 75
83 19
30 50
34 81
61 89
17 44
93 24
55 43
59 64
50 71
34 73
85 59
100 46
73 42
78 39
61 44
82 70
62 68
15 45
30 92
11 57
88 99
45 43
73 96
38 69
89 73
89 77
33 79
20 41
79 44
57 22
67 80
45 80
61 93
35 82
35 56
24 51
