4 100
2733.5
82 82
53 22
36 22
89 91
74 26
67 30
28 18
67 43
14 44
60 44
96 60
91 25
34 62
51 16
75 35
23 14
35 73
10 83
18 35
76 76
67 45
85 65
76 58
88 71
63 21
85 55
88 71
40 24
13 16
71 82
82 70
37 44
95 56
71 10
75 83
38 36
80 49
90 71
25 96
77 53
71 12
71 59
64 89
34 52
46 47
74 54
19 41
24 19
27 80
57 17
87 27
47 25
53 53
11 44
82 96
47 92
30 39
48 12
40 79
95 43
93 92
14 88
48 76
13 93
51 50
30 55
13 86
65 56
69 63
94 54
91 80
59 65
16 16
27 19
76 56
38 21
13 35
11 74
27 99
17 51
98 43
32 25
41 87
27 39
28 56
56 38
34 46
64 88
62 97
80 60
46 10
97 57
86 44
71 23
78 92
13 17
40 40
79 89
79 17
39 56
2827.5
72 95
97 30
55 66
93 14
19 50
81 31
77 99
41 31
46 64
77 56
19 29
67 81
39 52
82 27
16 98
65 43
32 94
53 22
18 91
42 95
46 81
58 40
84 92
72 70
34 15
75 55
93 33
25 42
32 96
11 52
58 93
73 31
99 76
14 81
17 62
80 47
51 98
12 23
42 98
95 85
89 68
97 74
84 31
81 46
31 76
89 64
60 100
90 23
72 15
32 68
40 56
64 74
57 78
32 60
92 19
70 69
45 13
52 51
96 98
45 37
16 45
64 49
87 17
37 83
99 51
44 90
64 74
18 20
98 55
73 28
99 98
38 77
73 78
94 93
37 22
56 100
40 24
24 54
34 68
61 71
13 33
82 58
19 53
26 52
74 66
78 53
47 18
25 51
55 89
93 88
81 21
60 37
47 41
27 96
33 21
53 15
91 49
28 33
13 28
74 70
2784
57 13
57 58
24 71
20 11
31 45
74 97
80 16
75 87
56 62
30 13
94 59
15 13
52 88
42 55
43 79
26 91
80 42
73 35
86 73
80 27
98 95
43 48
61 85
76 92
38 75
53 50
42 75
65 24
23 15
67 60
67 20
71 60
82 32
95 45
60 72
62 69
69 89
62 58
21 11
35 55
52 90
92 66
11 39
83 10
36 37
27 42
32 63
43 42
53 82
68 37
63 40
76 78
10 41
90 100
37 23
70 56
42 37
29 100
65 54
28 93
96 70
91 60
36 58
84 30
66 13
88 18
73 69
34 72
47 47
62 42
56 28
26 55
20 85
79 48
15 48
23 85
91 92
48 73
75 12
75 51
68 75
46 68
42 68
74 32
96 74
73 19
13 26
49 79
59 18
86 85
56 10
69 46
67 61
21 11
23 73
20 32
82 42
83 76
10 12
54 13
2870.5
70 65
17 30
88 75
29 43
30 39
52 75
66 70
64 34
46 96
23 55
91 19
19 53
21 15
59 69
71 36
90 53
22 42
13 66
82 27
90 14
57 81
35 32
82 84
45 58
47 25
51 75
20 66
54 97
24 10
64 65
26 68
77 70
88 75
15 89
42 73
60 46
59 35
79 64
31 52
54 47
34 93
63 35
77 18
64 19
61 73
83 56
10 94
77 59
83 50
13 31
75 18
100 85
19 44
22 51
91 64
90 50
67 81
17 33
46 42
76 13
54 79
77 100
69 94
46 69
18 11
81 91
94 21
91 35
87 56
30 50
53 62
41 28
75 19
10 87
44 10
97 74
99 51
78 60
15 15
83 41
35 68
79 75
83 21
64 63
22 76
100 77
47 89
44 91
70 85
26 54
94 25
94 85
67 74
99 26
12 60
97 88
90 12
46 30
79 31
30 46
