3 1000
27247
12 40
25 89
12 58
49 74
97 59
90 43
25 71
69 60
45 39
27 38
35 73
30 41
94 83
20 56
39 24
41 12
18 55
47 60
66 60
98 75
26 99
34 68
28 40
13 95
70 41
39 84
53 12
51 10
51 71
67 89
72 69
78 91
27 22
56 28
62 71
39 78
61 69
11 72
65 54
93 53
34 10
52 28
85 93
50 82
35 38
13 34
90 75
89 95
52 99
37 32
24 47
28 69
30 79
96 65
45 32
47 47
45 74
58 27
79 39
76 48
43 61
38 60
91 54
35 38
96 14
61 61
78 40
97 18
27 30
69 72
82 45
21 21
57 56
79 56
88 59
41 94
33 63
59 17
78 82
89 55
51 26
58 74
11 70
59 45
35 75
26 81
26 12
88 43
42 20
59 14
48 47
26 15
31 37
26 48
76 48
10 51
20 64
92 13
50 75
55 36
21 89
34 61
53 20
99 64
81 56
71 66
70 32
65 53
97 47
68 14
78 45
20 65
92 26
29 80
89 91
90 44
38 75
55 24
78 74
41 48
11 55
23 27
46 100
27 43
84 23
92 36
77 44
13 99
12 97
44 10
10 73
26 26
17 21
62 50
16 76
39 42
82 61
83 88
22 55
39 59
83 88
37 43
84 94
70 61
45 21
30 90
52 58
21 35
63 88
47 90
49 76
27 45
67 48
65 23
78 97
82 29
44 81
36 89
32 99
97 13
16 96
82 71
15 77
25 23
67 70
34 31
10 51
20 51
49 55
82 21
19 19
17 69
91 100
11 16
32 89
75 34
88 24
68 39
10 40
48 89
100 50
47 92
22 23
62 56
51 40
74 95
40 79
19 39
75 98
77 32
13 92
54 48
83 48
97 90
79 37
99 16
68 61
56 79
73 12
12 66
100 48
71 42
90 78
60 29
84 67
63 80
83 83
35 16
74 79
20 48
58 80
63 56
59 51
21 100
49 33
73 13
46 52
27 52
32 50
59 46
65 65
50 23
42 61
49 98
18 62
38 69
52 48
59 37
12 34
36 17
34 68
50 70
85 20
75 41
100 14
85 88
90 81
82 44
19 31
80 33
42 62
28 95
72 75
36 29
86 29
87 10
68 88
27 84
75 59
72 34
46 86
17 69
92 29
62 27
64 15
100 100
73 14
22 39
64 31
91 38
80 56
92 17
32 27
90 52
97 55
19 29
34 54
58 18
11 60
65 92
42 22
46 48
48 35
93 75
79 49
78 83
48 10
61 33
78 62
28 78
85 83
33 87
30 85
14 54
72 22
48 78
77 36
25 61
23 58
56 50
35 63
78 77
35 24
18 71
15 67
44 92
56 28
27 53
25 83
21 32
86 45
11 20
65 73
80 84
43 98
17 52
99 89
87 89
96 26
96 44
20 71
50 69
37 42
35 60
71 44
16 12
76 19
43 12
62 89
56 55
82 12
100 91
67 98
93 92
32 73
15 70
33 73
53 38
70 24
81 49
25 31
83 18
52 74
51 74
92 77
38 82
59 65
14 100
39 22
99 40
67 59
39 45
99 97
95 90
95 41
81 26
43 89
73 23
33 18
79 11
56 76
69 13
47 22
90 55
35 75
79 35
41 20
71 85
95 34
18 78
87 53
18 76
41 44
42 20
55 93
23 16
58 39
39 90
37 94
46 63
45 54
69 55
21 35
76 81
69 16
24 37
93 16
88 82
35 12
97 64
15 71
68 44
85 85
97 58
78 19
34 58
74 99
43 24
14 22
41 54
84 15
18 95
84 85
72 81
99 46
37 86
45 83
47 31
48 48
100 71
19 60
67 36
41 67
11 16
12 83
76 62
88 65
77 39
78 51
45 91
43 74
52 90
73 37
93 85
62 73
11 96
62 15
42 58
77 52
97 18
21 13
96 45
70 74
71 22
39 30
10 68
85 72
87 63
60 74
40 23
18 73
63 15
58 91
30 33
89 79
70 63
27 65
11 20
33 83
56 48
32 95
29 90
98 58
99 56
48 10
59 95
97 84
66 87
15 40
75 93
46 27
63 12
75 46
38 37
62 32
50 15
28 84
87 61
92 19
49 43
84 43
43 41
55 75
30 39
15 36
46 96
63 82
90 35
45 24
43 87
80 25
13 100
72 62
19 49
38 40
69 27
54 61
72 19
90 31
82 25
24 79
45 92
16 94
88 87
83 77
46 26
27 96
44 19
57 92
95 75
57 93
31 11
26 57
16 45
21 78
32 32
87 73
88 65
11 98
47 84
81 12
69 34
16 95
61 46
30 17
61 32
86 71
84 21
61 70
26 55
49 69
85 77
67 75
98 65
44 43
84 56
72 73
54 72
90 27
61 10
89 59
44 58
31 58
47 45
49 23
58 78
87 50
68 77
14 15
46 68
64 96
45 46
92 11
100 31
75 16
71 43
93 26
62 39
67 56
47 92
20 76
94 81
99 89
50 96
64 23
57 21
70 70
71 42
78 29
60 14
34 29
23 75
89 50
17 98
48 76
32 36
95 36
67 13
59 17
63 17
46 77
94 88
39 87
78 58
32 92
52 35
60 41
51 58
54 69
10 33
87 50
40 78
30 70
23 30
25 58
52 34
54 31
78 20
12 60
86 57
44 67
10 11
39 37
73 70
54 96
21 97
32 17
30 76
66 25
69 80
94 31
89 22
73 68
65 30
49 56
58 78
31 49
28 26
50 61
80 69
51 32
69 92
76 20
15 34
81 33
61 62
48 45
91 59
51 75
50 16
16 37
84 69
45 38
83 35
44 26
100 51
34 22
84 70
51 92
52 71
34 55
43 15
93 42
69 98
49 38
28 43
65 71
72 72
25 96
14 85
48 91
49 33
94 23
19 87
10 46
46 36
40 14
27 26
34 90
89 14
66 25
72 45
14 73
57 90
52 42
20 65
82 29
79 83
50 13
86 99
17 96
61 95
92 32
73 14
40 37
31 12
83 10
26 32
11 91
40 45
80 82
16 82
59 40
42 20
50 36
77 67
44 54
78 21
92 51
47 88
12 11
20 36
31 15
27 30
34 53
59 37
92 64
50 58
17 70
19 84
48 18
52 68
40 50
33 98
52 27
30 34
79 57
64 33
40 71
60 23
27 59
48 49
87 94
92 65
25 16
14 59
71 57
59 31
88 78
85 78
28 37
50 58
99 54
64 30
100 77
49 11
18 15
51 53
62 49
84 96
15 30
79 98
47 89
42 36
42 40
95 16
62 82
68 39
23 28
45 30
19 79
33 41
35 90
41 23
98 58
15 17
63 64
33 18
28 95
43 73
89 86
87 75
93 25
94 11
26 73
40 57
47 54
69 18
29 82
27 37
99 86
71 46
79 31
99 58
54 40
23 60
57 69
35 87
13 61
90 77
81 57
91 40
36 63
89 45
90 79
37 44
22 21
10 19
68 50
99 59
27 75
79 83
68 63
84 30
57 21
96 90
77 70
13 35
33 91
24 95
79 71
34 63
48 92
58 79
57 30
33 99
65 70
51 25
62 85
79 49
14 34
55 42
47 27
14 24
42 24
81 46
54 53
29 51
83 21
60 11
35 17
19 85
29 75
88 88
61 79
42 42
73 36
47 48
47 17
64 79
38 33
44 40
67 91
73 24
87 69
78 27
20 69
42 73
88 64
25 20
80 52
33 67
25 14
15 23
60 71
85 12
98 50
27 30
58 95
60 57
23 100
31 70
65 35
82 73
44 35
41 64
23 35
17 61
77 49
77 77
15 75
93 41
19 32
10 26
64 88
26 89
41 79
24 56
34 39
73 39
90 74
94 34
34 37
12 66
38 66
80 28
46 41
33 75
60 52
44 30
67 19
89 76
66 69
73 22
84 91
79 66
35 28
26 74
17 82
36 60
48 17
57 78
99 34
52 83
62 51
99 98
79 31
58 34
15 34
50 52
94 37
45 25
27 85
19 29
87 25
88 64
93 70
71 65
53 25
46 80
60 98
38 74
88 96
46 71
22 59
36 78
59 99
77 45
19 91
84 94
74 79
87 24
80 20
67 65
12 13
54 78
24 50
47 14
62 91
99 99
84 38
70 73
42 32
37 29
12 88
55 80
74 47
28 29
45 60
31 98
70 60
24 58
31 11
22 87
49 68
41 53
93 30
19 42
58 46
36 92
73 98
22 48
41 67
33 52
30 79
51 86
82 65
53 36
19 89
87 48
61 34
64 99
21 88
50 60
90 62
25 86
46 85
37 41
87 48
86 12
64 72
72 30
19 78
38 89
73 63
80 12
67 62
49 24
67 29
91 63
78 91
82 23
89 14
82 91
50 15
89 76
31 70
24 79
30 40
62 41
49 76
48 81
68 75
10 65
18 20
91 31
46 86
73 93
36 99
34 65
25 41
21 67
87 58
26 89
80 96
95 79
34 64
67 56
69 70
57 76
49 55
48 32
72 12
68 70
81 99
35 30
95 13
54 84
54 39
78 52
42 91
80 60
20 45
58 33
61 13
26 30
18 65
60 53
22 53
67 92
27743
27 11
20 87
60 71
84 66
68 69
33 61
50 39
22 97
53 37
48 42
81 80
37 40
93 91
62 92
88 79
62 66
43 84
73 47
32 30
34 73
72 52
54 16
35 25
35 79
93 41
88 88
60 91
10 66
84 83
61 52
87 34
86 90
48 53
57 23
83 78
59 64
17 21
83 45
73 83
50 92
99 49
74 75
52 93
11 17
99 32
75 67
22 59
61 67
68 35
99 94
79 56
50 84
68 96
44 21
57 40
84 91
54 84
53 58
45 49
77 55
33 11
100 89
39 24
86 24
80 41
89 99
48 27
10 47
60 39
29 67
48 77
32 99
26 85
52 95
44 50
74 57
60 71
41 66
17 46
29 36
69 81
43 89
66 58
18 32
18 28
51 20
13 76
67 33
52 32
11 79
14 63
100 73
88 35
45 46
36 27
62 38
12 17
75 56
53 79
28 98
51 55
11 48
57 80
30 70
48 85
66 57
93 36
33 14
90 100
96 68
99 54
33 55
26 45
76 49
91 60
19 19
60 39
74 69
15 46
52 91
26 50
37 51
69 28
19 88
76 70
14 43
42 96
14 74
64 83
44 80
76 47
62 35
43 90
94 86
39 97
78 97
95 60
55 42
66 24
20 36
65 53
17 60
43 81
12 75
38 63
26 93
56 47
43 45
32 42
15 15
33 75
61 34
65 83
15 81
31 33
72 40
75 29
46 59
33 36
17 57
97 67
12 11
54 30
28 84
95 17
24 38
41 58
12 60
11 89
36 54
13 71
26 58
35 99
59 64
94 99
43 63
88 62
94 66
75 46
55 47
80 56
28 25
14 29
60 10
34 25
80 67
11 60
74 25
66 59
39 31
80 49
66 11
74 52
26 60
59 96
98 40
73 74
49 43
22 40
38 50
42 91
68 53
80 42
17 33
58 88
60 87
93 33
29 19
52 63
72 71
33 79
100 51
92 78
79 49
63 41
75 77
71 14
61 52
57 90
81 25
99 84
98 94
17 19
45 48
27 46
61 93
98 34
43 16
72 73
71 74
33 95
99 91
98 45
66 67
47 64
36 58
26 52
87 15
91 87
27 63
93 69
28 44
87 92
70 64
30 56
14 91
90 50
100 28
19 61
96 86
68 58
48 97
32 91
45 69
54 34
24 55
78 22
51 83
97 14
70 21
81 50
65 51
60 77
42 77
32 25
27 72
37 81
47 50
58 53
15 26
87 25
82 79
66 57
19 71
78 67
12 77
55 27
29 35
46 37
85 86
22 76
67 86
94 17
15 82
58 94
84 98
50 87
65 65
85 51
48 32
74 31
10 45
19 17
34 60
33 41
87 59
54 19
37 65
77 17
13 98
89 23
83 86
98 69
37 89
92 40
28 26
80 98
94 99
20 61
35 84
53 34
99 39
67 41
19 42
23 68
44 60
13 16
78 12
30 67
90 42
40 66
94 22
43 98
95 74
86 66
37 90
78 69
26 38
20 65
51 74
58 55
56 15
18 95
26 74
75 30
62 49
35 44
43 13
11 17
59 81
100 81
81 60
67 33
41 49
77 20
91 45
40 16
14 58
17 82
54 22
18 41
54 25
96 67
13 85
26 100
24 56
52 89
70 78
72 24
48 58
37 19
33 91
40 74
70 78
11 66
88 61
30 48
62 32
50 53
95 80
74 52
27 32
31 99
64 89
17 52
28 97
64 65
45 37
76 92
23 91
27 29
59 56
97 79
80 75
18 99
95 18
34 28
57 68
16 14
67 55
46 28
50 87
55 65
57 84
72 75
99 25
62 12
36 31
81 37
46 97
31 24
44 69
40 68
11 20
49 44
60 95
64 44
40 40
55 66
77 31
85 19
89 86
96 28
60 96
38 63
67 99
67 92
49 90
70 28
63 44
81 27
84 15
78 57
16 34
79 44
83 73
51 66
78 63
60 32
11 83
64 19
76 33
98 28
24 55
70 37
87 12
47 91
58 35
52 56
87 75
41 51
90 12
44 37
38 84
34 31
31 58
38 94
59 19
75 51
69 45
61 49
32 76
67 11
43 26
61 67
25 76
19 91
31 41
43 63
75 28
38 39
82 71
51 23
20 77
91 54
37 82
98 34
15 55
97 77
25 94
93 99
71 28
21 88
86 65
86 79
56 29
67 41
44 21
98 46
81 64
88 91
80 63
66 37
70 94
54 50
73 73
71 67
14 91
100 39
100 77
45 86
93 13
52 23
28 87
97 52
53 81
15 56
96 94
49 65
78 21
89 61
55 37
81 77
81 25
62 93
91 100
55 17
19 11
21 34
91 58
38 54
100 33
97 23
56 72
57 84
39 49
95 35
23 92
27 72
81 28
77 38
97 26
64 100
54 63
56 40
96 100
27 97
29 43
24 70
50 48
76 95
15 55
20 72
54 62
22 48
41 33
94 23
73 23
32 73
49 13
96 100
45 46
64 53
97 100
84 50
22 93
81 49
74 64
23 52
86 34
27 17
68 52
77 84
84 45
91 16
66 35
25 49
97 14
17 34
27 82
100 17
87 13
36 38
21 71
27 64
36 46
67 93
48 25
14 25
95 52
27 95
54 62
54 78
85 41
82 36
59 17
85 27
16 43
97 88
22 91
65 76
23 77
64 65
36 98
30 44
58 89
67 74
37 35
53 97
82 96
19 28
58 69
32 16
14 76
13 46
46 63
57 99
72 19
67 10
41 89
52 24
39 46
57 17
36 29
82 83
34 88
60 20
69 75
80 17
84 84
54 99
11 28
99 31
32 60
44 32
48 38
19 35
51 61
59 20
69 30
19 25
81 96
39 68
56 70
50 99
90 99
30 61
17 28
92 94
46 51
65 100
65 26
99 78
43 30
64 19
57 48
15 24
74 86
24 86
97 100
21 46
14 52
57 38
27 37
100 69
76 78
98 65
94 63
43 54
18 92
75 43
31 52
38 92
84 54
38 28
59 75
57 16
36 69
24 71
22 16
41 30
100 19
47 77
21 19
72 45
21 83
83 67
31 40
43 39
65 31
85 36
77 74
63 15
83 64
83 72
34 43
39 90
46 38
12 24
33 50
36 75
77 52
18 48
63 11
96 63
85 65
86 61
10 70
99 60
39 94
67 16
34 95
83 80
47 56
78 50
82 75
81 55
61 92
83 94
45 11
55 24
88 15
26 42
46 23
83 51
73 88
72 21
75 62
75 18
51 51
46 88
88 81
89 25
57 58
56 88
54 52
20 88
75 100
38 86
20 70
38 17
31 38
61 27
27 95
37 14
27 39
87 31
62 19
93 97
47 41
21 83
65 47
57 86
78 77
80 80
12 48
84 96
22 84
52 20
38 95
63 79
93 15
93 80
89 16
67 76
87 49
14 14
87 19
11 20
64 47
86 97
48 66
76 32
55 74
61 33
100 13
15 78
93 57
95 25
78 79
64 25
28 41
25 22
62 15
15 93
88 24
34 44
21 84
90 93
69 70
40 45
96 32
67 13
34 80
66 19
30 53
16 76
51 25
65 45
17 62
70 100
60 44
20 11
16 59
46 70
87 11
79 18
31 90
39 54
46 26
65 52
45 16
91 32
47 14
55 76
51 57
55 88
97 59
18 92
30 77
78 65
20 16
24 60
94 66
60 67
93 90
90 89
70 73
89 38
61 88
45 30
87 19
12 37
72 90
20 58
76 77
40 96
92 55
26 84
99 85
88 36
85 32
100 52
44 38
37 34
83 93
10 96
38 26
58 33
79 87
58 94
19 84
93 95
26 34
51 84
48 82
49 31
25 76
38 39
79 12
77 86
96 24
89 73
98 46
98 57
94 92
68 42
73 33
43 94
53 76
34 69
70 60
92 45
21 21
11 85
85 82
38 79
31 44
99 77
45 64
71 47
87 40
84 84
58 82
100 61
48 66
60 20
31 15
74 57
17 36
51 19
72 40
44 19
73 30
95 12
42 72
32 51
78 34
19 11
19 40
48 41
93 47
32 74
100 16
38 61
26 31
98 12
38 45
12 48
44 30
99 97
33 17
27 54
62 65
96 48
49 37
31 38
62 81
75 92
36 92
48 57
90 19
36 35
12 69
89 90
71 33
50 67
45 85
81 33
41 54
39 57
76 34
39 24
99 22
46 76
55 88
94 86
77 81
77 95
39 32
91 56
75 78
54 38
40 79
78 10
47 64
20 68
100 87
64 82
39 52
44 71
44 35
26 51
44 52
23 69
49 70
100 43
22 41
17 74
43 55
50 75
25 35
95 23
54 19
36 58
44 19
78 52
28 30
18 66
75 69
25 68
88 82
31 37
96 79
25 52
44 45
37 49
12 65
86 31
66 80
20 42
42 27
24 13
47 37
100 46
51 64
81 38
62 78
98 68
27 13
62 86
12 12
87 45
24 20
68 55
61 59
37 34
32 14
46 26
16 93
28 93
47 93
31 90
31 77
26 69
40 57
51 86
49 12
67 45
63 17
63 75
51 51
42 88
53 95
11 21
38 10
79 35
13 25
71 86
73 78
27044
69 76
60 38
93 17
19 40
37 59
99 31
76 36
99 66
11 72
88 22
32 29
85 61
43 40
30 32
42 34
78 22
70 47
73 33
11 38
33 77
79 68
16 99
32 85
47 69
88 32
55 80
48 24
54 72
35 83
87 40
35 87
87 89
18 38
69 30
11 53
72 49
24 68
70 42
69 56
48 73
75 67
31 61
75 46
12 84
59 70
25 88
13 44
53 50
77 30
93 17
23 17
32 82
67 62
59 57
28 52
98 30
53 56
14 30
60 19
84 72
32 87
63 74
59 71
68 93
79 65
22 79
40 93
20 35
85 76
88 31
11 100
69 98
33 59
60 55
61 46
35 46
71 34
43 75
81 22
16 88
55 49
38 17
90 37
81 28
91 51
77 85
19 94
21 21
56 90
56 13
72 15
53 25
18 66
12 79
87 31
10 92
12 80
22 82
61 64
61 53
53 19
59 80
91 78
93 88
37 93
58 28
100 10
57 17
16 45
73 18
20 31
97 83
95 14
11 80
26 49
88 38
81 46
69 75
53 90
52 69
72 43
16 100
96 39
50 42
83 98
77 44
62 64
93 18
88 38
73 14
74 51
31 58
31 80
66 38
69 86
39 55
18 86
77 53
22 36
58 91
77 15
98 28
35 56
28 76
89 27
75 100
14 22
80 64
65 45
29 90
10 39
40 90
73 48
53 28
30 29
15 87
17 30
94 53
84 22
70 23
25 42
47 73
84 56
44 18
76 80
86 100
30 54
95 51
84 93
40 44
21 85
24 67
11 60
51 35
40 91
52 49
19 65
51 20
37 13
81 70
38 43
91 40
56 29
91 57
11 37
34 36
78 19
80 78
85 26
61 31
80 98
86 85
13 82
54 61
14 100
82 33
10 51
88 34
49 66
48 98
21 86
43 54
64 16
57 25
33 39
82 20
22 56
12 17
29 36
17 16
88 15
72 19
23 73
70 89
30 86
19 17
21 72
100 53
44 35
18 88
29 18
35 79
98 49
36 57
100 47
53 41
62 44
67 50
14 81
41 41
90 26
15 20
77 46
42 82
84 51
36 28
100 97
81 22
83 38
61 91
29 29
61 82
14 89
84 50
86 81
31 97
42 95
61 25
66 83
92 20
72 14
62 11
52 87
47 52
67 28
72 12
54 22
96 32
14 98
98 35
58 79
60 55
10 63
75 34
80 11
43 62
97 46
23 37
33 69
47 65
80 13
21 71
99 73
45 26
100 94
84 34
35 91
55 28
46 77
19 75
14 95
77 44
14 35
23 45
17 62
93 65
29 75
40 11
47 99
78 77
33 51
92 39
81 92
32 65
23 84
40 79
79 15
40 16
58 20
85 69
82 77
74 12
46 64
72 74
31 17
24 51
47 16
20 72
15 30
22 50
36 28
54 62
63 50
77 87
80 53
12 70
24 72
68 51
33 44
70 83
62 68
61 40
52 72
39 87
28 14
26 55
13 63
42 59
18 55
94 50
76 40
39 54
100 27
82 54
37 16
93 73
47 84
22 12
44 28
79 12
43 77
12 43
46 93
10 49
30 42
81 95
16 31
53 74
51 24
93 70
26 78
71 74
100 50
13 81
31 85
31 65
97 63
42 67
20 33
72 98
38 62
75 56
45 29
69 92
39 63
11 66
19 11
17 71
38 41
13 57
64 39
68 80
21 31
21 15
46 51
27 28
51 44
62 61
46 15
60 33
59 91
60 33
58 18
47 15
35 43
28 70
67 43
30 83
75 71
47 91
56 91
70 71
95 99
13 87
27 15
14 89
62 75
22 62
40 50
97 33
29 71
23 38
37 89
44 59
41 62
76 70
67 59
61 32
56 77
41 90
96 53
91 42
98 74
66 38
50 16
36 62
22 25
84 96
77 71
76 14
25 38
12 32
20 24
80 73
42 32
71 75
25 32
92 79
97 50
24 42
51 66
91 79
25 66
79 61
85 30
17 85
99 86
66 78
83 16
74 20
73 29
55 66
39 89
25 45
35 67
100 86
56 39
73 46
22 78
54 41
44 34
87 90
71 97
71 64
17 51
39 71
84 47
67 84
61 39
49 89
81 52
61 38
80 77
44 10
55 76
70 10
23 88
68 34
13 42
55 30
59 76
86 85
35 71
12 29
54 58
92 26
78 48
77 25
38 13
26 49
98 41
92 92
76 74
19 83
15 54
78 37
60 70
91 20
14 55
69 63
27 15
87 61
14 68
99 13
58 54
21 18
77 30
15 32
61 10
57 26
45 71
99 77
39 58
13 62
66 23
21 13
21 81
77 23
28 28
83 87
34 78
86 37
82 62
82 42
98 75
27 73
15 72
77 97
95 70
79 14
89 74
97 27
81 26
53 12
23 60
25 60
10 25
66 96
36 37
28 67
36 52
24 70
49 78
52 13
36 52
52 21
39 89
42 87
62 33
54 51
83 55
28 69
27 80
63 85
55 30
69 31
80 17
37 53
32 65
97 68
42 10
73 58
80 35
36 48
87 30
60 43
13 79
43 99
15 30
64 21
48 30
50 43
51 17
94 58
62 23
29 30
82 27
45 24
57 62
53 71
30 36
61 68
48 46
90 63
21 12
84 12
48 38
58 17
34 16
82 43
47 56
30 43
30 13
66 62
89 47
73 39
52 88
89 13
38 90
83 32
69 84
26 84
35 10
67 37
46 47
20 33
76 40
59 34
22 91
55 27
89 52
15 57
23 27
77 67
12 46
65 47
54 31
70 46
13 69
84 88
46 90
46 36
45 95
97 40
91 44
93 64
15 58
100 21
30 99
40 82
40 73
53 90
20 88
21 71
32 48
74 24
95 80
19 84
93 55
39 97
80 23
47 37
90 58
53 32
29 68
76 66
37 98
23 13
67 44
94 77
33 90
20 49
93 44
84 99
13 53
37 37
12 36
13 22
97 14
85 73
33 57
84 37
57 56
93 52
96 95
39 98
98 97
53 19
96 73
27 11
64 75
81 73
40 50
49 97
100 34
48 27
55 51
54 90
96 53
78 51
34 89
13 16
84 100
24 19
81 86
40 15
95 52
84 90
42 47
58 67
75 80
17 70
83 54
80 19
60 66
98 74
50 11
39 55
47 61
43 60
39 43
33 91
53 26
61 52
19 44
57 21
60 12
90 94
64 56
17 81
20 43
48 90
87 85
83 92
57 63
75 64
46 71
38 38
55 89
64 90
73 45
30 13
50 80
35 68
75 39
58 93
72 41
68 63
72 32
27 23
36 82
76 59
91 23
59 94
30 40
94 64
70 61
98 32
29 44
63 42
33 69
53 33
48 54
53 63
42 55
98 80
32 10
19 49
74 48
63 44
47 69
48 41
13 83
51 32
68 97
67 44
52 38
86 37
64 87
89 42
18 95
82 66
14 61
99 25
57 97
95 78
73 30
89 64
70 65
17 38
22 36
78 60
15 18
98 82
93 23
16 61
62 56
81 15
47 13
86 88
74 19
76 52
74 87
72 49
74 63
26 42
37 80
52 57
50 31
89 34
37 66
63 31
54 83
13 65
20 73
30 23
65 78
91 98
74 45
34 28
80 72
10 69
18 43
26 46
30 42
44 58
93 44
66 36
75 81
61 77
22 98
100 21
91 73
84 38
30 23
20 10
35 40
50 28
45 93
71 28
72 33
51 96
26 95
78 59
65 58
13 22
45 99
94 99
66 50
78 14
15 34
59 69
35 63
99 10
96 44
75 47
44 11
70 14
90 15
76 100
78 28
77 33
88 18
52 26
80 16
56 88
74 55
57 70
16 83
34 60
96 77
14 38
95 74
30 82
31 17
24 19
43 48
16 60
16 23
41 50
93 70
15 32
82 87
63 46
26 48
68 13
22 50
26 83
94 21
39 18
73 29
30 97
21 65
53 49
43 42
77 69
95 46
51 14
63 100
53 22
68 73
27 98
94 100
45 22
47 63
89 88
51 88
28 48
18 46
36 20
63 38
27 30
25 33
58 72
27 26
15 25
51 74
47 57
60 75
62 64
58 17
57 48
18 73
10 22
51 31
62 62
34 66
33 72
47 70
61 64
33 64
96 50
64 62
90 44
56 40
96 51
67 30
93 17
13 91
98 58
29 52
88 80
42 99
15 93
71 41
39 30
61 38
31 95
11 76
16 89
100 21
66 72
87 92
64 32
39 51
13 84
49 75
87 19
41 53
68 64
84 47
64 10
24 78
95 60
95 58
81 71
69 90
44 59
60 36
33 26
35 26
19 60
31 76
17 57
24 12
91 83
83 58
94 30
95 33
86 74
15 94
78 51
94 99
62 71
71 31
69 61
12 42
28 71
11 72
10 33
49 49
66 49
27 42
12 68
17 13
19 56
35 34
91 95
66 67
56 55
95 53
17 94
64 99
95 29
46 46
12 77
61 58
65 31
31 80
87 89
67 38
21 55
52 76
53 33
17 40
30 19
77 83
21 24
55 20
17 76
21 28
20 80
31 31
75 68
99 25
66 22
16 57
94 15
57 18
32 48
