4 250
6819
94 36
46 67
24 76
50 21
70 40
13 73
19 96
84 36
35 70
16 45
66 46
53 75
32 49
36 88
54 68
55 87
75 30
71 49
83 14
30 80
45 55
93 27
51 19
35 31
45 90
61 71
36 72
59 74
52 36
31 14
52 40
24 63
52 79
22 35
41 15
44 17
36 29
63 30
35 98
71 51
35 39
47 66
16 31
83 23
31 52
28 39
15 26
33 80
87 37
49 25
38 43
96 24
97 20
18 52
94 58
69 83
64 80
100 69
56 42
29 38
97 86
36 64
59 40
37 39
46 16
95 78
91 55
90 80
91 49
44 35
68 41
39 62
67 84
59 67
46 94
44 46
15 25
10 66
11 100
44 16
35 14
66 53
92 84
59 38
26 41
84 73
17 15
85 10
56 85
26 56
78 54
96 37
50 100
98 86
21 99
49 75
53 81
60 48
14 33
54 25
71 85
80 55
88 78
91 17
18 73
59 79
92 55
14 64
99 56
27 58
35 90
23 46
66 78
31 54
87 63
80 34
13 50
39 52
59 52
11 55
89 47
25 69
34 16
69 66
14 75
76 66
88 11
82 41
25 33
23 54
45 46
22 43
65 47
34 84
14 88
55 65
35 39
38 32
94 27
55 70
92 38
36 84
79 61
71 38
41 100
38 63
63 92
37 93
63 13
26 72
32 45
51 75
36 93
95 41
61 41
100 48
71 91
34 63
77 24
71 84
23 89
61 29
17 24
58 39
91 23
45 12
88 36
67 77
82 23
85 46
86 19
54 68
25 68
80 26
39 60
39 29
25 24
73 19
43 96
93 53
18 26
100 32
24 48
51 33
31 83
59 78
10 60
83 76
73 53
78 72
62 99
29 62
99 25
96 11
67 79
35 31
63 83
68 84
33 73
37 89
24 57
27 58
100 54
66 73
70 32
11 67
71 65
38 76
70 70
55 38
69 81
39 95
55 89
14 80
97 52
26 74
53 54
80 44
83 78
70 56
12 43
91 68
32 30
66 25
40 51
25 14
35 33
32 99
83 43
53 15
97 88
92 78
13 93
26 91
80 59
86 82
69 26
69 81
88 54
83 41
57 90
67 44
80 80
32 40
18 91
15 31
67 94
94 61
55 46
87 46
6835.5
42 19
36 90
97 56
23 29
65 58
30 30
79 24
34 83
49 90
20 78
73 86
53 56
13 43
60 79
17 78
92 89
65 39
77 95
30 34
22 60
65 71
14 74
31 30
24 79
18 89
54 76
83 31
37 34
11 67
79 42
92 98
62 16
20 95
61 93
46 90
93 38
57 67
30 34
95 80
27 44
50 81
64 55
37 13
92 17
36 93
53 54
87 48
48 66
73 22
17 41
40 54
87 69
88 13
43 44
56 24
98 74
96 43
70 18
85 88
36 71
100 24
25 76
49 67
10 84
45 31
27 67
60 34
79 66
85 18
87 88
41 69
92 32
73 27
58 40
86 99
42 48
47 25
12 54
99 42
61 66
53 12
69 86
42 87
41 93
48 13
91 75
85 19
21 54
75 54
72 69
43 56
73 49
40 33
30 22
63 82
19 82
62 38
88 100
62 69
18 13
39 69
46 57
83 35
50 62
60 31
52 38
33 53
51 49
48 84
43 42
15 95
45 96
32 35
19 67
24 15
25 21
25 61
93 56
99 57
65 51
75 40
16 34
42 38
78 24
11 63
22 15
13 84
93 50
95 33
37 21
56 98
53 31
11 14
95 82
77 10
81 72
47 24
40 41
90 58
49 89
25 50
78 68
74 79
91 24
57 99
23 76
96 28
79 21
99 24
67 26
42 76
38 80
48 13
83 13
100 25
20 79
82 82
31 28
35 20
48 94
91 35
27 26
57 30
38 29
72 85
86 29
89 45
96 94
50 11
79 64
68 15
100 59
54 86
47 79
55 14
15 40
55 46
66 18
87 25
59 66
67 56
38 31
78 36
37 91
100 83
40 15
43 89
29 94
68 61
78 13
14 30
55 63
83 53
48 10
67 26
24 61
18 69
40 40
73 66
85 57
29 96
56 23
73 97
52 35
32 69
60 49
24 38
91 88
66 65
38 90
15 90
11 58
21 36
26 37
77 50
59 18
13 87
69 48
67 48
57 62
31 65
85 19
90 60
28 87
99 24
72 77
12 85
57 18
36 33
67 71
96 42
49 83
100 34
35 97
24 24
53 75
33 65
45 17
26 95
34 100
34 83
81 24
50 30
79 60
29 25
46 88
94 77
13 64
69 34
43 99
7098.5
87 79
59 46
68 58
79 98
55 44
62 80
90 47
58 48
83 20
79 79
11 44
98 89
22 87
78 19
26 21
86 24
26 62
49 90
47 25
28 41
26 49
36 20
80 23
86 85
37 27
22 59
83 91
45 60
83 63
76 74
51 38
28 99
25 77
71 30
58 15
85 33
40 34
48 85
77 50
99 20
14 94
46 35
25 69
60 51
91 72
91 71
21 70
91 72
81 18
72 45
64 30
30 67
79 20
86 52
51 84
30 12
78 64
82 26
78 16
29 89
17 51
75 85
65 15
96 44
71 44
57 92
89 81
21 41
20 72
98 38
18 42
56 94
91 30
16 40
69 61
65 91
91 21
69 84
21 12
30 77
20 77
10 19
64 40
76 72
66 53
11 42
75 16
68 86
76 48
100 53
90 41
18 34
47 63
81 18
62 78
41 32
47 56
59 27
65 48
18 88
52 88
11 48
16 51
15 77
46 84
19 92
26 20
57 74
73 69
16 84
59 40
65 28
44 47
70 91
49 29
87 84
41 92
72 13
89 94
93 29
59 70
46 99
13 46
46 55
46 66
19 91
63 62
17 58
67 17
34 88
43 71
79 44
86 40
63 52
31 77
26 79
73 84
96 73
78 72
34 66
91 73
27 14
88 96
68 25
59 95
24 49
80 58
97 86
52 79
98 90
40 74
71 40
30 22
51 72
29 99
32 93
52 89
58 58
29 70
90 53
37 12
100 77
33 31
52 48
20 55
81 93
90 56
76 90
96 98
30 55
26 18
38 99
21 71
97 73
41 82
21 80
85 30
19 67
59 97
20 19
62 63
76 16
48 50
70 16
83 77
60 37
18 73
100 28
52 76
17 40
71 29
51 96
64 35
47 64
99 68
48 52
71 84
42 83
36 89
48 37
34 44
43 26
35 100
74 58
98 18
41 23
44 39
83 96
27 44
85 22
65 19
71 22
53 76
98 16
59 52
79 71
62 60
37 70
69 26
80 82
90 65
82 54
42 43
66 20
69 79
92 35
46 81
90 31
20 73
62 64
90 11
13 99
70 79
82 43
11 13
86 64
17 25
44 64
32 50
48 86
94 28
97 95
89 76
88 67
62 69
80 14
10 82
58 12
46 35
19 60
6837
71 22
78 37
42 15
63 48
62 38
23 10
67 40
99 58
46 16
23 18
34 54
26 64
18 23
21 14
39 26
17 12
16 89
88 95
14 59
96 56
46 50
65 43
11 58
92 66
22 56
89 14
63 83
96 37
30 79
72 29
70 13
54 77
23 37
41 39
49 46
54 40
75 27
66 56
47 10
21 29
93 47
35 80
61 82
35 11
24 44
66 45
40 56
74 96
53 38
15 97
56 55
25 99
30 64
36 78
68 51
19 24
36 15
12 99
100 52
69 24
57 44
23 35
30 72
94 100
78 35
74 35
85 19
56 52
28 34
90 96
41 69
87 18
69 37
63 61
61 81
82 23
50 92
26 28
83 66
23 85
17 86
70 31
97 54
94 54
10 84
21 86
90 82
15 37
28 13
47 98
65 32
83 94
29 91
58 38
43 16
90 23
52 83
15 82
20 55
65 43
46 65
64 20
53 24
58 91
68 62
47 35
13 13
84 43
49 94
60 59
85 55
84 60
71 27
82 42
22 92
39 29
20 62
76 88
87 58
46 80
75 22
43 58
86 50
43 96
72 48
62 41
22 31
92 19
25 53
64 42
83 22
73 10
60 46
58 29
82 56
81 55
72 75
81 36
60 12
28 99
39 58
52 42
65 17
33 85
18 19
89 92
67 34
25 53
86 80
97 84
73 58
50 56
72 20
15 21
54 53
43 48
45 27
10 53
69 13
50 55
61 13
65 65
71 40
83 95
12 96
58 25
58 64
100 75
59 60
21 29
75 14
12 28
65 14
66 74
22 36
91 58
36 21
93 36
100 92
62 64
74 81
58 65
49 78
75 21
95 55
83 56
13 77
77 74
64 48
58 70
96 40
90 30
72 10
43 19
30 61
14 38
40 27
26 25
88 45
71 34
26 79
70 68
10 61
30 39
61 59
83 74
58 14
35 50
12 10
40 25
83 39
56 85
97 73
27 54
31 14
76 62
41 12
84 16
13 86
58 17
71 24
99 91
30 23
87 12
43 35
10 31
12 32
26 57
71 58
30 21
68 82
45 13
43 90
51 100
26 99
74 75
64 24
75 39
13 26
93 43
34 53
40 97
83 93
94 63
11 67
62 48
27 54
94 60
91 48
37 47
