2 100
2732
94 57
74 94
77 59
74 83
29 82
11 91
73 42
80 84
81 85
82 18
75 94
42 18
44 31
57 27
20 31
20 42
99 58
95 57
52 55
81 97
68 79
16 10
79 34
30 100
16 98
90 45
21 19
49 77
70 56
78 25
77 60
21 22
84 84
19 89
65 12
38 46
25 20
43 85
99 42
75 94
80 20
10 65
44 27
26 34
21 27
74 91
20 17
22 56
81 23
89 89
15 18
35 11
24 91
16 79
43 14
75 99
25 45
76 73
48 81
75 96
15 51
23 96
10 63
81 40
81 93
67 87
58 71
77 54
49 74
16 15
65 32
74 57
14 70
41 62
74 12
74 71
17 57
12 97
95 48
29 33
75 42
61 15
59 39
37 91
75 17
90 63
17 81
79 49
15 60
88 90
76 87
93 25
98 15
80 30
33 76
39 76
96 53
71 59
39 40
49 59
2753
55 20
10 19
97 20
73 66
69 48
23 100
62 13
47 87
90 62
62 73
96 53
88 79
95 17
61 93
94 78
16 22
91 85
61 86
27 56
18 56
96 44
77 86
14 94
36 93
17 57
56 31
83 20
41 35
52 70
69 79
97 58
45 24
94 84
45 12
47 17
28 43
82 35
13 47
82 92
39 38
28 93
41 50
55 27
12 100
50 36
32 30
97 23
87 22
36 56
11 73
20 55
37 32
87 75
91 42
19 82
22 80
89 55
54 48
20 93
78 28
52 26
35 42
18 96
96 93
54 16
10 39
39 46
17 80
51 24
40 87
25 37
84 73
54 81
31 38
97 98
37 13
63 91
39 85
60 17
87 59
63 58
37 56
13 93
31 66
84 64
90 17
84 10
57 33
21 28
64 97
63 25
21 42
95 17
83 23
81 37
45 46
68 52
89 33
100 26
14 90
