2 1000
27321
22 36
18 18
94 58
26 11
17 98
31 83
44 66
35 64
91 44
83 52
72 16
46 16
66 19
57 95
29 69
86 18
53 95
17 58
33 29
10 54
31 30
86 15
93 94
86 65
63 25
52 27
78 95
98 57
51 41
31 24
36 24
41 97
36 83
97 31
23 53
18 37
56 16
11 64
72 21
90 46
32 53
46 60
34 58
39 11
14 71
68 29
56 66
97 17
52 91
62 56
100 33
90 92
94 90
42 44
50 71
26 19
30 25
11 48
22 12
30 12
86 14
90 43
93 85
98 31
65 10
26 53
90 67
53 84
77 78
28 29
83 15
29 67
77 73
34 21
94 64
18 49
14 51
65 76
90 41
80 66
18 59
62 33
20 71
86 17
78 52
84 55
32 74
54 97
42 62
52 85
96 88
72 94
97 43
98 62
95 10
97 79
96 74
81 25
19 61
74 63
20 99
26 45
70 42
73 10
77 44
39 75
42 92
18 12
46 92
11 15
24 12
18 49
41 86
34 10
10 39
38 43
37 51
57 84
53 14
48 69
66 86
76 18
50 80
98 74
82 47
15 93
11 52
23 24
35 53
58 37
84 30
82 72
66 95
31 77
26 92
64 44
31 81
35 58
62 71
43 12
93 14
51 37
83 17
33 95
54 79
11 67
29 25
97 30
65 20
11 54
25 10
48 72
53 94
67 54
77 30
70 34
74 72
90 64
68 72
17 84
35 61
88 76
44 11
68 77
90 90
89 96
45 19
42 55
79 91
72 96
95 62
22 50
99 20
51 53
59 89
28 61
87 46
33 26
84 23
68 58
63 30
91 88
70 78
56 34
59 40
70 84
37 89
40 86
33 17
14 26
13 81
46 98
26 87
32 69
36 36
74 76
51 74
67 95
51 34
66 31
12 29
98 93
65 25
81 80
30 47
54 73
67 24
83 30
57 28
35 63
71 89
94 83
35 51
56 50
27 100
83 81
64 67
77 14
75 21
38 34
70 41
44 25
40 67
61 19
15 92
95 26
30 27
100 43
61 92
33 57
57 47
73 12
16 33
20 94
21 68
24 94
59 97
30 33
59 27
78 41
23 30
60 13
77 11
60 82
86 42
98 12
67 93
47 39
51 30
23 69
85 95
61 44
26 75
62 23
59 56
50 75
80 78
84 19
22 30
34 33
15 69
42 42
32 20
48 59
86 66
58 40
87 80
64 27
11 97
91 19
94 62
19 65
46 14
66 67
19 62
77 48
30 36
60 11
59 70
18 44
95 83
92 92
33 86
11 22
27 13
21 21
40 96
96 100
38 55
47 21
60 30
11 13
61 64
49 13
20 88
22 52
19 76
35 26
10 95
44 24
15 77
49 33
97 87
78 54
83 51
19 19
45 42
74 98
22 98
11 91
32 30
23 39
55 43
19 17
43 87
59 94
38 20
94 70
29 82
71 21
96 99
70 18
89 34
40 51
97 13
79 50
46 71
98 65
67 91
48 83
76 96
92 47
49 69
21 89
98 69
30 38
23 41
67 58
49 11
98 81
89 48
88 41
49 92
81 80
27 95
51 21
25 15
22 65
43 70
39 41
65 50
93 82
62 67
58 68
18 53
22 33
34 11
51 33
80 42
51 33
66 92
44 34
50 67
54 58
87 99
53 84
36 98
62 29
36 35
64 60
72 76
61 79
90 97
39 23
53 87
64 65
51 39
50 28
61 11
38 16
67 75
62 51
51 71
23 40
90 14
19 93
17 99
69 59
50 94
58 22
84 26
43 60
58 97
45 35
59 68
36 46
61 62
14 83
99 95
15 69
13 35
33 40
74 29
80 42
28 70
50 89
70 36
32 92
31 67
52 86
26 37
73 38
72 11
64 87
91 42
97 98
50 10
17 57
32 38
89 95
67 27
49 55
84 32
63 88
48 71
34 38
65 38
90 86
71 75
35 31
37 74
31 62
30 34
74 44
31 29
87 12
60 23
55 45
23 86
87 86
80 54
68 54
24 88
52 77
59 87
92 35
62 97
94 29
83 67
47 71
29 28
61 52
69 53
30 42
87 71
18 43
51 44
15 45
47 73
86 13
48 98
44 70
23 63
19 56
75 54
59 13
89 78
12 10
14 82
24 54
29 33
33 21
48 67
84 11
66 79
11 33
44 19
96 51
88 74
22 40
35 100
98 94
67 97
29 91
38 18
86 97
76 94
37 45
66 85
86 81
98 15
11 97
21 48
82 42
48 16
85 73
100 63
50 55
89 20
21 53
27 72
77 71
89 53
94 35
48 11
40 32
11 28
90 73
83 57
53 44
52 90
81 87
17 97
75 11
85 91
49 94
20 79
24 63
85 54
28 67
43 23
99 68
81 48
89 56
72 30
26 93
60 82
29 79
34 74
43 61
23 73
28 21
99 18
55 78
12 99
29 93
81 92
65 25
18 31
31 42
39 39
74 72
82 62
19 27
47 15
84 84
34 54
94 15
64 90
99 19
71 29
57 92
46 72
65 22
96 25
90 86
72 56
44 39
27 47
21 13
30 44
82 97
77 64
48 22
25 30
12 14
98 97
86 69
55 31
49 29
43 11
98 53
26 80
28 19
25 75
97 61
54 42
87 28
78 48
63 95
76 91
26 99
91 11
29 37
28 32
16 42
28 77
80 98
16 85
89 92
74 81
89 21
31 57
93 33
56 28
48 42
25 100
74 14
41 88
37 19
28 34
49 95
67 45
38 100
12 89
80 91
59 30
29 27
39 38
31 70
33 75
33 50
65 72
56 87
60 78
62 31
87 24
40 86
98 57
41 27
31 99
88 33
26 62
27 74
90 21
77 62
41 78
41 24
91 23
63 25
97 83
51 30
29 63
84 18
34 92
32 65
90 92
55 17
52 29
85 28
18 82
65 26
87 16
69 37
21 62
40 78
49 98
87 59
99 23
86 53
79 87
96 69
36 78
69 70
57 19
51 68
17 27
13 58
78 31
26 67
52 83
69 81
14 82
36 19
64 22
31 29
21 46
62 67
31 90
23 56
51 91
28 58
43 69
23 84
94 77
100 75
16 87
12 78
52 91
58 36
21 69
21 84
35 48
55 38
40 53
90 49
41 20
86 14
28 88
74 74
42 18
52 50
86 16
36 18
22 99
53 90
62 38
22 55
15 86
57 75
75 44
42 14
66 63
27 39
87 10
39 50
56 27
96 83
67 42
47 86
39 45
14 26
10 48
47 64
99 46
95 24
31 76
95 76
32 66
71 15
96 13
18 52
83 47
13 50
26 21
31 10
82 38
73 39
11 55
100 14
29 88
36 95
49 75
96 61
47 83
56 61
95 74
94 72
63 30
32 71
46 66
47 35
55 45
18 17
70 32
87 38
70 92
60 37
71 88
17 66
68 11
18 88
12 18
88 38
39 24
43 81
87 78
65 76
65 26
71 66
44 24
44 93
83 41
10 80
20 71
88 83
63 64
93 87
51 80
88 77
41 48
84 68
75 63
41 43
72 74
50 13
36 79
63 73
59 25
73 60
30 39
63 23
96 16
18 60
30 45
63 77
29 39
62 76
75 77
59 24
26 100
89 96
21 20
51 28
63 97
48 13
81 26
72 37
100 33
82 50
53 62
86 98
92 21
72 66
17 73
23 82
33 96
97 51
56 77
42 75
91 78
49 93
78 71
25 12
53 78
53 30
26 52
51 79
30 85
51 60
30 65
90 30
32 75
72 40
32 29
31 87
21 84
78 15
51 56
96 75
70 73
78 67
43 24
19 22
64 16
45 16
58 94
82 27
83 61
62 33
68 28
81 62
51 67
96 37
55 25
48 68
87 23
84 35
59 16
84 21
68 55
72 40
85 64
67 16
50 18
11 70
21 77
61 69
86 25
60 43
46 61
60 23
87 73
48 80
70 82
13 69
59 20
81 68
72 38
62 94
29 78
62 19
52 33
71 12
69 38
50 90
52 27
15 80
59 70
24 21
21 74
27 34
12 96
88 71
96 45
82 46
89 51
91 58
89 68
92 42
38 40
63 49
84 67
12 19
42 93
44 33
86 52
47 75
26 18
93 72
76 54
53 84
60 100
11 47
62 25
49 76
45 37
43 75
58 13
23 45
33 14
66 43
96 37
99 81
10 92
83 56
38 82
65 99
83 90
97 68
67 78
55 82
79 26
67 50
60 43
63 25
14 44
35 51
29 52
40 16
50 32
76 91
77 91
36 82
26 92
35 30
73 95
63 80
95 87
43 59
20 26
37 90
79 40
47 51
33 15
50 27
94 57
10 46
15 43
17 49
17 96
34 46
38 17
10 38
32 64
78 53
88 51
25 73
62 33
100 52
97 69
17 41
21 10
89 29
72 23
70 17
30 82
17 36
93 33
60 53
79 13
98 52
77 21
21 43
92 47
85 61
36 74
38 85
64 69
44 92
54 13
20 69
15 96
62 40
76 90
12 69
68 61
42 22
16 52
69 72
18 37
70 30
53 96
36 29
13 82
96 61
96 44
53 99
38 64
67 82
27525
55 24
76 71
51 28
87 40
30 37
37 91
67 75
26 76
60 89
99 91
64 37
97 68
37 39
53 52
61 31
54 25
77 69
22 84
61 62
49 31
62 74
66 77
61 95
20 47
53 64
80 20
81 61
21 99
23 19
20 83
41 82
99 38
21 38
54 42
71 66
76 50
57 94
13 40
19 52
52 79
91 95
58 34
94 38
75 77
18 98
24 18
51 70
55 67
100 22
67 46
19 99
59 87
73 29
86 73
48 90
51 85
46 75
53 57
75 17
33 35
73 78
48 44
22 67
97 44
24 79
97 91
11 71
61 66
77 64
97 94
88 48
12 39
100 86
18 38
25 67
86 64
78 33
73 20
21 36
85 68
44 64
67 51
88 18
53 64
80 27
27 59
59 78
15 48
94 35
50 66
70 65
78 65
95 86
47 32
100 46
22 35
66 74
92 74
41 30
29 18
55 15
23 97
87 45
87 29
57 79
51 78
86 25
57 32
47 65
43 14
62 24
31 83
15 99
66 75
60 26
94 16
45 49
82 79
19 70
46 58
11 70
80 66
74 15
57 63
46 37
67 24
45 24
86 54
51 70
18 65
23 98
16 63
96 99
92 38
39 34
34 40
17 60
98 67
52 98
26 39
67 15
31 85
100 75
34 55
55 18
58 44
85 48
48 73
21 20
83 70
23 15
69 39
26 24
81 25
66 69
39 46
32 31
88 50
100 15
13 55
70 65
36 14
98 81
12 37
46 67
87 64
18 91
56 91
53 65
74 84
27 86
80 79
22 75
55 48
88 30
85 31
97 84
30 72
34 95
30 62
65 72
52 36
78 71
61 33
70 26
80 10
92 62
38 72
99 80
92 19
29 57
29 79
44 15
54 29
74 14
37 29
73 14
17 87
44 47
35 39
28 11
77 79
44 90
44 64
37 94
31 43
52 26
72 52
19 11
67 83
15 84
47 53
74 55
30 12
10 79
64 23
36 62
42 36
92 69
65 28
36 60
59 92
99 97
64 61
46 82
32 21
46 11
37 82
71 27
35 11
83 59
100 65
88 68
54 56
66 62
56 69
31 56
22 72
86 97
12 11
16 27
100 37
50 66
83 49
31 100
71 86
42 33
13 84
10 56
54 75
75 83
66 11
60 37
70 18
80 42
59 46
32 98
41 36
47 78
11 93
95 13
10 15
53 16
95 21
51 85
48 30
64 99
77 14
37 81
22 74
22 83
39 91
64 24
56 53
37 66
56 54
38 21
62 76
68 29
85 43
42 63
68 79
66 51
32 99
61 95
32 38
68 41
43 28
88 78
31 24
54 58
10 16
95 23
63 55
80 18
80 64
79 67
46 42
47 34
31 22
26 74
79 40
20 44
11 91
65 13
34 51
34 30
47 40
38 45
66 77
69 14
83 40
35 27
50 67
69 86
62 66
89 83
99 25
88 87
96 27
26 11
36 35
29 40
37 14
30 39
95 14
33 40
58 78
98 67
90 11
87 18
59 89
94 89
30 79
95 49
16 32
71 35
52 55
85 29
64 13
16 36
16 48
94 21
61 64
78 68
96 35
65 76
27 100
41 35
66 20
45 27
100 58
29 61
25 35
59 92
95 59
84 87
37 85
89 87
96 48
86 35
30 35
48 48
53 84
74 78
45 99
74 66
51 69
86 23
61 57
87 55
42 90
70 67
22 15
10 50
24 42
19 46
14 56
46 33
58 30
91 75
35 50
99 25
48 47
39 98
67 63
80 23
80 30
51 21
73 85
74 25
23 11
76 54
14 14
48 100
85 70
78 78
70 57
17 26
69 94
71 20
50 24
82 66
49 75
57 79
22 24
50 92
44 89
70 41
30 86
26 64
95 54
74 99
39 64
71 86
30 27
85 57
37 77
71 90
65 56
39 87
36 50
64 29
37 72
66 77
98 14
72 59
89 19
42 68
20 95
44 19
79 82
98 25
12 85
77 63
61 87
10 72
47 12
64 79
65 17
51 72
91 96
66 80
99 30
24 63
25 80
13 74
56 63
60 78
73 67
31 19
71 24
88 21
28 56
50 98
68 36
31 82
45 51
60 79
98 29
98 57
19 19
68 20
72 30
74 80
55 25
27 20
76 98
14 59
84 86
17 47
11 74
28 32
76 65
94 62
94 58
66 29
59 55
98 91
40 24
11 82
84 15
12 99
90 39
39 48
38 95
57 54
46 57
79 37
31 83
93 68
43 47
80 27
91 57
40 76
32 73
51 63
97 98
35 37
24 64
76 15
16 71
30 98
11 32
66 87
42 84
16 43
44 14
23 47
44 95
38 83
35 45
61 42
92 70
22 88
56 74
60 37
19 88
56 16
75 83
21 95
23 64
43 66
40 99
21 85
53 57
52 86
38 45
46 66
74 69
95 19
27 99
54 85
60 97
23 84
44 92
69 20
53 59
91 78
58 89
80 84
62 87
24 89
69 70
88 12
91 26
91 78
73 71
19 64
39 77
92 42
59 22
90 94
72 96
23 11
23 84
88 70
19 35
11 41
61 98
100 51
72 42
68 68
69 36
15 78
89 55
95 52
95 13
35 62
87 87
32 85
90 33
38 21
59 87
41 85
75 66
32 96
15 29
85 71
31 39
36 69
25 32
99 17
35 74
77 14
22 25
69 17
63 91
35 13
71 57
17 50
14 44
32 28
57 85
48 42
51 35
29 86
74 10
81 70
48 75
22 15
41 48
64 25
87 73
51 69
86 21
43 42
56 65
15 39
91 61
21 45
35 47
81 71
31 49
42 65
37 34
39 41
100 16
33 51
76 84
32 53
39 36
16 46
60 35
18 41
97 82
77 60
19 67
38 82
48 31
22 98
39 89
98 31
54 58
56 76
10 81
20 43
49 39
54 14
36 15
61 12
100 72
39 45
37 50
10 37
58 48
80 61
33 26
33 53
62 19
33 32
30 54
70 83
61 33
41 72
33 44
90 32
85 51
67 10
66 98
57 71
82 81
68 23
45 37
41 69
82 19
30 19
88 30
77 79
94 95
25 55
73 60
27 86
42 90
58 78
36 26
61 86
67 91
80 23
82 76
97 54
33 45
87 60
57 68
71 82
81 20
96 44
76 29
63 68
74 45
49 42
39 86
15 90
12 75
74 97
32 100
57 36
37 71
97 36
22 73
57 21
57 94
61 19
76 98
54 94
22 52
59 91
22 33
44 49
96 85
44 43
62 50
60 84
71 69
24 98
99 63
24 27
23 12
20 66
13 58
69 33
43 29
14 21
86 86
55 75
13 48
52 32
46 95
66 51
58 14
43 59
71 70
81 67
75 99
97 43
56 84
55 29
90 27
41 82
87 12
15 50
53 41
30 66
20 82
54 28
32 23
70 39
18 76
85 76
91 91
41 56
65 81
39 17
82 72
17 72
92 57
89 67
93 89
65 55
42 68
20 42
98 94
96 23
42 96
22 38
90 41
18 27
96 87
33 65
97 35
86 25
15 48
54 49
16 29
81 81
95 15
68 71
72 68
44 92
93 20
54 63
23 33
73 98
10 35
21 17
83 36
97 18
86 16
66 15
36 46
71 13
89 42
11 98
38 30
97 87
46 73
37 32
60 32
98 79
58 67
98 68
85 71
29 85
86 14
77 63
31 83
11 81
78 57
38 85
79 38
59 26
34 70
82 10
55 81
11 62
22 17
28 69
62 63
28 14
10 63
68 23
12 40
41 12
53 40
84 55
86 27
12 56
56 16
66 23
62 47
25 79
68 94
92 81
52 78
38 52
21 29
20 82
89 61
81 14
99 10
58 64
19 65
16 18
38 31
57 30
100 28
95 81
31 41
25 31
43 66
42 38
66 94
45 59
41 70
33 69
59 64
21 88
69 100
39 87
12 70
63 15
81 77
93 15
64 39
68 53
35 37
57 52
82 97
19 73
38 24
47 24
11 10
62 35
29 71
88 10
40 17
43 96
72 26
29 28
73 16
77 42
64 24
98 34
99 23
57 97
77 18
89 24
39 100
53 44
18 25
50 49
10 47
26 59
63 28
73 17
27 91
79 34
70 61
52 11
83 83
69 44
97 44
81 71
88 32
98 92
74 94
36 25
60 59
76 25
75 66
52 65
37 91
44 85
70 89
84 29
86 30
42 69
62 95
18 28
64 65
57 95
54 60
73 57
58 85
43 28
92 80
43 76
12 88
50 44
25 65
84 55
72 85
60 90
93 79
15 63
74 47
52 74
58 85
29 98
25 93
50 52
87 56
54 21
53 52
14 33
76 51
53 31
29 79
71 42
87 72
24 99
32 65
98 46
37 38
37 82
63 86
27 86
33 87
83 48
23 81
48 24
70 85
93 47
23 80
19 43
81 82
34 78
72 56
62 28
10 80
14 58
79 60
41 92
41 38
23 47
65 84
30 73
77 17
38 85
53 80
82 40
46 63
65 95
41 73
32 89
36 91
59 15
27 93
95 15
47 86
65 82
83 99
23 42
41 27
79 38
43 79
74 70
86 84
32 17
26 10
