3 500
13320
40 22
80 92
42 30
20 46
37 42
62 11
52 60
60 87
24 19
11 45
73 24
21 22
38 21
36 79
83 69
53 54
65 31
10 27
99 12
78 92
55 60
12 94
40 76
19 25
87 35
66 22
10 25
30 46
78 17
61 66
84 49
19 79
53 40
42 52
46 71
54 49
75 80
36 89
57 15
52 10
72 30
15 74
63 39
22 37
49 53
85 75
83 10
26 30
19 39
32 27
75 98
40 40
50 52
41 22
48 11
43 56
17 79
34 59
80 31
21 12
12 78
52 28
37 50
58 81
45 95
74 83
67 74
18 48
72 86
29 92
84 83
31 73
47 51
73 70
81 64
44 49
91 91
86 39
57 92
22 45
94 79
65 25
75 34
14 58
40 64
30 37
50 15
24 13
71 66
62 99
47 74
72 27
43 62
73 89
72 97
48 57
36 90
73 18
17 82
59 21
83 69
95 92
77 64
19 25
67 44
99 26
38 55
67 58
36 54
90 38
47 36
68 49
59 37
36 23
84 44
54 49
69 29
30 21
87 78
72 22
80 75
61 67
87 98
63 63
48 76
84 18
39 100
97 23
54 81
54 53
64 62
79 52
75 57
10 26
74 62
41 90
52 100
81 44
18 54
66 32
35 57
69 38
82 24
16 62
82 80
25 29
10 83
67 10
14 54
88 22
96 11
39 25
63 70
20 54
91 62
67 20
100 59
32 74
80 55
54 30
10 52
14 22
30 48
50 43
21 73
99 65
26 68
46 33
11 86
49 59
99 18
30 61
57 43
52 88
28 59
68 36
21 84
51 62
24 26
26 92
41 71
64 12
41 94
34 42
37 38
47 82
68 93
78 77
69 28
74 16
51 56
47 10
11 60
52 98
76 80
50 69
79 47
48 70
53 88
42 53
66 75
76 57
93 73
33 47
78 29
11 62
98 49
69 97
56 22
13 38
40 79
86 26
26 97
22 48
42 40
90 30
11 44
55 64
85 76
70 28
19 95
66 14
71 98
89 88
81 90
81 39
23 30
66 18
23 94
92 98
32 21
75 15
42 40
81 71
85 92
49 57
61 24
91 18
58 79
46 88
27 65
20 51
30 25
69 63
21 73
88 87
40 44
52 16
10 57
46 12
51 30
20 51
10 12
57 16
96 91
34 23
53 16
18 25
39 27
67 62
11 44
90 26
76 46
66 28
44 48
72 96
76 19
68 83
71 60
57 13
37 50
33 40
46 86
69 32
92 84
24 93
93 98
51 11
87 11
37 33
42 60
17 28
47 13
10 31
14 64
11 76
70 26
87 24
28 12
40 64
37 25
44 15
22 19
94 94
45 80
43 54
89 87
59 58
37 90
63 17
80 65
61 96
83 64
50 91
29 68
72 68
39 35
39 33
28 21
47 49
33 20
71 18
34 23
75 27
77 61
10 54
84 95
69 84
31 100
100 47
28 44
73 81
87 72
71 42
17 33
72 71
67 27
49 14
98 25
35 53
76 68
25 34
63 61
51 58
44 29
33 73
89 73
35 91
35 96
95 32
66 41
38 76
12 82
87 11
94 19
37 26
30 43
100 22
27 43
94 78
23 14
90 27
62 81
14 80
10 30
31 39
59 17
67 22
86 62
90 43
97 25
100 94
83 83
19 35
66 76
89 33
44 22
100 35
50 75
51 12
84 45
73 81
11 91
68 57
49 95
32 39
56 18
92 24
83 85
78 89
69 99
55 32
77 66
82 87
54 21
60 79
65 29
91 79
24 90
29 98
65 15
33 84
91 63
72 97
55 11
27 87
71 26
23 91
45 51
12 88
32 54
42 22
78 11
46 87
85 96
100 48
14 70
11 52
22 92
56 39
60 63
23 72
91 18
79 98
54 54
24 80
22 14
34 90
66 15
49 60
67 88
29 73
22 52
67 70
14 28
53 76
66 75
30 90
43 29
13 11
80 28
63 84
43 84
86 47
19 43
11 26
93 86
88 21
29 80
61 70
15 38
28 77
29 13
88 43
71 91
50 44
75 80
28 29
78 42
27 17
99 52
74 69
73 29
90 100
10 85
44 41
53 77
41 44
31 35
12 30
45 24
15 22
86 26
95 68
11 36
31 86
73 89
16 70
84 81
93 17
40 44
24 42
45 95
22 56
72 69
72 85
65 74
91 21
11 40
32 67
52 74
51 61
60 77
46 80
89 29
17 43
64 24
85 28
50 92
48 92
30 29
51 78
43 23
67 92
22 58
47 65
36 68
37 77
53 17
65 31
13130
36 93
60 17
95 51
11 11
37 58
23 83
17 92
61 95
49 74
84 87
73 26
64 44
47 91
98 58
42 54
49 91
16 17
17 53
32 47
33 65
19 41
73 50
47 27
25 39
19 49
49 10
99 30
43 13
55 76
34 100
49 47
41 61
96 59
43 61
40 94
61 78
93 84
44 75
28 41
21 57
73 15
68 30
23 45
48 86
89 61
88 95
26 12
58 88
74 16
67 97
63 63
93 91
60 11
28 32
86 50
21 85
18 30
97 10
93 29
13 35
68 35
17 84
56 46
16 81
61 97
95 30
13 89
13 19
62 68
94 38
90 44
37 41
21 19
10 73
92 88
27 41
87 65
22 92
12 15
56 47
66 40
19 51
79 75
26 48
19 52
18 27
47 67
98 12
24 87
85 48
40 45
80 78
11 98
91 36
48 53
54 54
71 30
79 72
52 22
73 51
37 75
86 75
37 58
83 48
49 16
47 11
32 62
23 29
65 64
94 68
89 90
25 61
47 36
33 55
48 77
44 58
88 54
31 67
10 26
61 90
90 51
48 17
65 91
76 84
75 49
68 57
37 27
60 81
13 76
54 53
96 88
87 11
34 66
14 16
19 38
53 58
34 25
46 84
81 67
56 79
38 39
30 33
60 14
41 16
75 99
51 78
91 62
66 72
90 84
82 49
66 60
69 33
11 34
51 38
23 73
42 89
15 66
52 73
14 97
99 36
34 73
61 37
90 93
86 29
80 41
73 54
42 25
13 62
41 57
54 56
75 83
74 61
24 57
17 82
13 19
76 87
41 73
35 84
60 41
46 20
58 30
83 95
13 36
27 96
21 63
39 97
45 70
90 20
13 17
38 93
56 40
61 11
22 40
58 79
92 41
99 51
83 43
90 13
11 64
48 49
32 63
38 90
71 37
95 72
45 10
55 36
23 47
25 76
85 75
41 36
91 92
94 29
87 44
41 12
40 86
85 91
96 64
76 57
87 88
62 13
88 70
40 17
65 83
18 85
26 81
19 46
29 18
59 17
77 54
53 84
88 21
32 86
68 48
43 59
94 100
52 82
94 46
65 13
96 58
51 69
88 31
24 79
37 40
57 44
22 13
41 14
37 67
48 82
25 62
15 68
89 33
87 10
83 20
60 64
34 79
41 54
32 50
59 85
41 21
76 48
62 62
71 100
94 25
52 86
38 37
29 10
10 91
71 96
28 50
47 15
35 10
56 40
28 52
32 83
35 64
54 99
48 88
99 96
95 32
76 72
47 73
12 88
80 84
91 39
93 18
95 41
53 73
29 89
80 50
70 70
73 61
10 83
65 31
58 71
27 26
88 17
79 58
50 95
36 98
92 75
31 96
95 46
19 23
96 68
49 78
21 23
20 64
14 36
91 82
35 86
27 18
56 43
43 33
20 91
28 63
12 52
51 39
65 67
20 34
54 91
66 100
85 64
73 29
53 68
93 39
97 86
46 77
20 64
86 30
49 92
20 22
43 49
41 68
28 34
32 67
64 69
37 32
54 40
45 46
63 85
83 40
24 93
92 77
71 72
79 55
79 34
51 59
64 60
59 56
67 42
15 81
89 51
47 47
69 25
79 26
64 42
73 44
21 79
59 36
19 22
24 81
96 68
14 59
37 47
53 24
40 73
80 82
41 97
47 19
78 100
38 99
49 79
39 47
83 27
11 66
12 49
27 60
74 66
92 61
79 29
44 58
95 84
42 75
22 43
84 85
81 100
38 42
62 27
21 39
11 58
68 40
64 69
44 38
50 65
49 12
19 98
15 44
47 90
57 31
95 59
54 75
59 65
53 46
72 60
56 64
30 89
58 19
27 60
35 87
38 62
14 82
15 65
23 17
71 100
84 70
28 49
51 68
61 80
77 86
81 61
47 74
73 23
55 39
55 89
27 12
41 53
69 67
12 56
17 91
46 89
51 42
24 35
24 36
33 97
41 52
88 58
68 78
50 99
30 92
22 95
92 40
31 79
32 11
59 25
98 82
89 11
45 16
84 53
18 98
75 94
56 58
56 82
75 52
33 87
22 78
50 87
26 29
44 81
37 36
50 50
76 53
37 81
46 72
87 14
22 94
66 67
23 32
24 23
87 58
66 75
28 45
63 49
56 56
10 74
99 44
69 30
15 50
64 14
97 51
76 62
34 14
72 28
100 51
12 31
24 30
71 64
41 23
42 31
14 19
13 35
65 23
58 17
34 98
32 69
48 66
83 58
12 100
21 23
50 75
92 61
13956.5
40 76
66 17
30 100
41 77
88 56
26 15
75 86
67 30
62 85
81 28
62 27
87 43
85 18
12 25
68 54
59 42
100 76
14 65
24 94
90 16
67 97
91 56
98 96
72 80
80 91
39 79
34 79
72 85
63 66
30 33
69 95
37 40
31 97
65 38
29 42
29 99
74 55
38 55
80 46
78 53
70 68
70 53
14 89
87 84
37 47
41 46
95 79
48 41
33 83
49 10
43 59
11 18
42 96
41 98
99 93
29 89
58 35
53 17
100 65
58 72
54 23
71 46
23 84
86 80
85 21
58 45
36 77
99 81
66 80
87 56
63 98
40 42
62 65
26 17
38 88
69 73
43 29
27 59
30 31
15 72
35 11
78 87
19 70
48 24
16 47
21 51
15 84
34 86
65 59
83 81
56 56
95 94
37 84
77 30
40 37
68 26
17 87
59 59
20 82
53 17
32 70
50 89
71 62
76 18
44 54
38 26
35 88
92 13
85 76
10 34
10 87
67 76
28 24
30 32
23 60
92 27
45 46
76 53
54 80
41 88
27 66
42 95
74 13
79 54
75 73
27 50
72 54
12 91
41 94
72 80
85 96
44 86
42 30
68 98
36 22
26 30
38 11
33 75
91 22
52 56
34 26
49 23
57 62
50 88
17 11
81 42
50 91
37 15
97 45
67 76
74 82
62 44
58 28
20 76
56 74
86 20
52 26
53 59
58 32
45 49
72 10
96 29
22 79
73 77
62 88
92 70
12 77
14 16
57 89
91 95
23 27
31 17
37 81
100 78
49 50
86 34
22 35
54 28
90 97
48 62
48 47
48 66
34 81
37 80
77 15
30 21
90 94
91 84
33 60
25 29
56 70
96 99
36 96
51 12
28 61
13 87
56 65
89 41
31 40
61 91
33 81
49 90
83 72
82 63
73 86
31 68
95 41
22 57
73 75
49 12
53 48
95 66
63 78
69 98
50 76
83 53
97 89
72 45
69 22
77 48
75 86
92 21
79 72
10 99
52 38
19 34
77 11
38 86
98 93
99 74
40 92
100 28
55 65
87 67
95 94
23 91
17 54
72 62
71 45
64 90
76 14
70 78
13 67
84 11
99 76
93 33
80 65
59 72
46 38
59 55
83 99
34 65
51 46
10 75
95 31
82 80
23 98
18 20
83 51
28 63
60 90
93 46
72 45
70 25
70 98
25 52
39 45
15 87
21 13
92 13
93 60
50 77
52 11
28 76
55 26
86 67
44 58
70 28
65 49
65 86
29 32
82 68
39 86
30 58
30 51
34 69
43 42
80 76
77 70
48 65
38 49
67 13
90 80
26 94
89 89
95 38
75 69
50 38
13 78
33 40
58 73
54 71
15 71
19 43
21 41
19 81
94 57
65 44
43 44
55 45
48 32
41 39
64 42
69 97
95 33
37 82
65 33
10 67
48 14
27 25
33 17
20 93
13 53
44 17
77 81
34 14
25 29
14 98
11 36
74 34
94 36
55 25
91 74
94 17
74 93
75 32
80 82
43 32
17 15
23 20
74 52
98 42
59 91
16 45
74 39
96 51
84 72
50 45
42 14
96 29
72 41
32 54
93 96
34 18
23 98
26 53
71 35
81 33
98 54
41 45
55 84
20 63
93 73
73 25
94 34
75 91
19 21
76 68
76 100
16 24
11 47
27 71
11 12
62 71
59 57
27 63
76 92
84 43
72 56
48 17
24 16
62 95
43 18
34 17
94 98
91 30
41 49
83 19
51 42
31 28
93 67
99 19
58 75
64 39
94 25
58 39
45 73
57 81
69 42
50 12
14 80
36 69
55 92
45 86
96 47
98 16
71 97
86 18
85 99
48 74
58 42
91 87
69 51
48 60
98 37
66 32
47 98
100 58
67 48
19 84
83 35
21 56
23 68
47 40
32 10
29 58
96 53
92 49
91 20
86 30
97 69
12 64
13 97
18 79
55 25
76 64
28 81
68 21
55 42
42 36
28 12
68 66
39 75
87 54
60 54
18 62
14 10
61 45
60 68
72 10
89 34
92 56
30 41
21 75
44 60
96 52
84 22
17 41
80 99
62 39
13 87
25 91
43 90
90 83
71 12
53 68
15 65
98 77
50 38
14 51
41 58
20 73
100 11
61 27
93 93
94 89
46 51
11 63
85 31
43 83
65 74
96 81
23 67
99 20
50 74
70 58
77 34
72 90
43 17
18 94
43 21
43 91
58 27
26 49
25 17
35 13
34 96
48 45
97 78
85 18
